invIMIS 0
	              0	              0	              0	              0	              0	              0	              0	              0
	              0	              0	              0	              0	              0	              0	              0	              0
	              0	              0	              0	              0	              0	              0	              0	              0
	              0	              0	              0	              0	              0	              0	              0	              0
	              0	              0	              0	              0	              0	              0	              0	              0
	              0	              0	              0	              0	              0	              0	              0	              0
	              0	              0	              0	              0	              0	              0	              0	              0
	              0	              0	              0	              0	              0	              0	              0	              0
invIMIS 1
	        11.9365	       -2.70324	      -0.756435	        4.23166	         10.391	         1.0218	       -2.73894	        -22.559
	       -2.70324	        9.29011	       -0.76074	       -4.49999	       -16.5261	       0.631496	        6.44116	        7.78806
	      -0.756435	       -0.76074	        7.90393	        2.51543	         3.7455	      -0.191351	        6.07217	        1.61248
	        4.23166	       -4.49999	        2.51543	        9.97259	        8.60571	       0.590175	        5.27675	       -11.1493
	         10.391	       -16.5261	         3.7455	        8.60571	        93.2881	       0.750209	        36.1783	         48.676
	         1.0218	       0.631496	      -0.191351	       0.590175	       0.750209	       0.864702	      -0.804363	        3.76679
	       -2.73894	        6.44116	        6.07217	        5.27675	        36.1783	      -0.804363	         298.14	        10.8969
	        -22.559	        7.78806	        1.61248	       -11.1493	         48.676	        3.76679	        10.8969	        429.983
invIMIS 2
	        20.2791	         3.5954	        -1.5661	       -2.61815	        19.1972	        1.73661	       -20.8779	        -7.0817
	         3.5954	        6.36181	       -0.84703	        3.34449	       -6.12827	         1.6674	        29.4279	       -26.5463
	        -1.5661	       -0.84703	        11.0987	       0.465786	       -7.09556	     -0.0789234	        -16.374	        4.82108
	       -2.61815	        3.34449	       0.465786	        18.1758	        11.5579	      -0.391276	        9.21756	       -9.83289
	        19.1972	       -6.12827	       -7.09556	        11.5579	        204.599	        2.96735	       -34.7402	        87.1734
	        1.73661	         1.6674	     -0.0789234	      -0.391276	        2.96735	        4.96719	        5.29914	       -4.39163
	       -20.8779	        29.4279	        -16.374	        9.21756	       -34.7402	        5.29914	        1032.16	        130.349
	        -7.0817	       -26.5463	        4.82108	       -9.83289	        87.1734	       -4.39163	        130.349	        507.263
invIMIS 3
	        13.3427	        0.16943	       -1.65856	        3.05007	        12.1488	       0.998913	       -19.8893	       -29.6669
	        0.16943	        11.1405	      0.0682462	       -1.96753	        7.03934	        1.19857	        37.3713	       -11.9934
	       -1.65856	      0.0682462	        13.7321	        1.26592	        1.02495	       0.378282	        3.05698	        2.02674
	        3.05007	       -1.96753	        1.26592	         13.253	        5.31369	         0.3312	       -7.88945	       -3.22859
	        12.1488	        7.03934	        1.02495	        5.31369	        68.7729	        4.51048	       -33.8381	        30.0315
	       0.998913	        1.19857	       0.378282	         0.3312	        4.51048	        1.73866	        6.34645	        5.05473
	       -19.8893	        37.3713	        3.05698	       -7.88945	       -33.8381	        6.34645	        552.225	       -40.6774
	       -29.6669	       -11.9934	        2.02674	       -3.22859	        30.0315	        5.05473	       -40.6774	        478.485
invIMIS 4
	        6.61985	        2.13332	        1.58458	        2.07339	      -0.113042	        2.00032	        11.7094	       -37.0495
	        2.13332	        21.9274	      -0.301357	        1.74297	        11.4637	        1.55708	         38.466	       -40.4567
	        1.58458	      -0.301357	        21.3488	       0.192966	       -0.53381	       0.890151	       -2.20048	       -8.32902
	        2.07339	        1.74297	       0.192966	        24.1752	        12.3104	       -1.46323	       -6.26678	       -25.1978
	      -0.113042	        11.4637	       -0.53381	        12.3104	        66.7113	       -2.46682	        50.5531	       -17.2076
	        2.00032	        1.55708	       0.890151	       -1.46323	       -2.46682	        4.83866	       -0.29716	       -7.77227
	        11.7094	         38.466	       -2.20048	       -6.26678	        50.5531	       -0.29716	         864.81	        38.2149
	       -37.0495	       -40.4567	       -8.32902	       -25.1978	       -17.2076	       -7.77227	        38.2149	        588.001
invIMIS 5
	        16.7902	        8.59898	        9.35008	       0.974047	      -0.735638	       0.699031	        66.4901	        -59.827
	        8.59898	        35.5749	        3.36965	        4.45545	        1.35795	       -2.92778	         101.24	       -142.321
	        9.35008	        3.36965	        69.2194	       -1.99786	       -4.03286	       0.412979	       -8.73646	       -106.901
	       0.974047	        4.45545	       -1.99786	        19.5857	        7.39824	       0.539135	         53.461	       -6.47991
	      -0.735638	        1.35795	       -4.03286	        7.39824	         127.05	       -4.23982	        84.6883	        1.06847
	       0.699031	       -2.92778	       0.412979	       0.539135	       -4.23982	        4.89235	        18.9556	        2.00213
	        66.4901	         101.24	       -8.73646	         53.461	        84.6883	        18.9556	         1473.3	       -543.139
	        -59.827	       -142.321	       -106.901	       -6.47991	        1.06847	        2.00213	       -543.139	        1057.38
invIMIS 6
	        21.9416	        5.08712	        6.62165	      -0.577294	       -1.19573	        3.45197	       -2.51284	       -88.4203
	        5.08712	        33.1366	        2.63275	       0.465756	        18.4272	       -1.33652	        50.7579	       -102.446
	        6.62165	        2.63275	         45.901	       -2.87578	       -7.24176	         4.3175	         31.116	       -69.0113
	      -0.577294	       0.465756	       -2.87578	        19.1935	        7.53149	        1.82792	        43.2045	        -27.027
	       -1.19573	        18.4272	       -7.24176	        7.53149	        132.336	       -1.58505	        162.956	       -53.7843
	        3.45197	       -1.33652	         4.3175	        1.82792	       -1.58505	        4.13375	        13.8978	       -12.1405
	       -2.51284	        50.7579	         31.116	        43.2045	        162.956	        13.8978	        732.219	       -272.268
	       -88.4203	       -102.446	       -69.0113	        -27.027	       -53.7843	       -12.1405	       -272.268	        857.802
invIMIS 7
	        18.2815	        5.30966	        0.89705	        2.92925	       0.375498	        2.57739	        53.9146	        -49.119
	        5.30966	        17.4833	        8.25742	        2.51243	        3.51529	         1.5145	        30.4942	       -49.7302
	        0.89705	        8.25742	        45.3065	       0.564767	       -5.20735	        -0.1354	        19.4353	       -62.7443
	        2.92925	        2.51243	       0.564767	        6.45717	       0.230424	        1.84793	        4.20422	           1.87
	       0.375498	        3.51529	       -5.20735	       0.230424	        78.9596	        4.41841	        87.7491	        22.2702
	        2.57739	         1.5145	        -0.1354	        1.84793	        4.41841	        2.78398	       -3.91345	       -1.17489
	        53.9146	        30.4942	        19.4353	        4.20422	        87.7491	       -3.91345	        689.241	       -297.004
	        -49.119	       -49.7302	       -62.7443	           1.87	        22.2702	       -1.17489	       -297.004	        778.198
invIMIS 8
	        21.1445	        4.45198	        1.38049	        3.07539	        1.36611	        3.27589	        44.4648	       -81.8433
	        4.45198	        27.9798	        11.1563	        -2.7967	        3.19038	        1.44987	        52.9822	       -85.0234
	        1.38049	        11.1563	        70.1114	        1.51489	        1.40988	       0.206847	        49.5509	       -122.851
	        3.07539	        -2.7967	        1.51489	         9.0295	        7.42287	        1.07371	        5.22064	       -4.92661
	        1.36611	        3.19038	        1.40988	        7.42287	        96.9241	        5.42786	        41.6507	        8.67774
	        3.27589	        1.44987	       0.206847	        1.07371	        5.42786	        2.92047	         4.4887	       -2.19551
	        44.4648	        52.9822	        49.5509	        5.22064	        41.6507	         4.4887	        812.372	       -562.045
	       -81.8433	       -85.0234	       -122.851	       -4.92661	        8.67774	       -2.19551	       -562.045	        962.007
invIMIS 9
	        14.5344	        10.3637	        19.3773	       -3.79949	       -2.00352	        1.29069	         61.702	       -89.1324
	        10.3637	        40.2166	        40.7424	      -0.998417	        5.81434	        -1.1161	        141.506	       -208.925
	        19.3773	        40.7424	         185.35	       -3.98739	       -2.19184	         1.0003	         139.36	       -384.394
	       -3.79949	      -0.998417	       -3.98739	        13.3598	        1.09735	     -0.0523214	       -2.16971	        27.9115
	       -2.00352	        5.81434	       -2.19184	        1.09735	         98.391	        3.27427	        27.9398	       -23.2026
	        1.29069	        -1.1161	         1.0003	     -0.0523214	        3.27427	        2.66214	       -3.62798	        12.2501
	         61.702	        141.506	         139.36	       -2.16971	        27.9398	       -3.62798	        1239.46	       -1064.95
	       -89.1324	       -208.925	       -384.394	        27.9115	       -23.2026	        12.2501	       -1064.95	        1810.49
invIMIS 10
	        11.8045	        4.35921	        6.24819	      -0.448008	       -5.65803	         2.0507	         30.127	       -37.5736
	        4.35921	        40.5929	        19.9742	        -4.8709	        13.3045	        1.80071	        77.4938	       -132.316
	        6.24819	        19.9742	        104.942	        1.49938	       -8.15638	      0.0386895	        87.0803	       -222.169
	      -0.448008	        -4.8709	        1.49938	        12.6309	        2.96273	       0.469592	        11.4518	     -0.0110475
	       -5.65803	        13.3045	       -8.15638	        2.96273	        146.696	       0.173239	        14.9695	       0.626317
	         2.0507	        1.80071	      0.0386895	       0.469592	       0.173239	        2.19098	        16.5179	       -16.9942
	         30.127	        77.4938	        87.0803	        11.4518	        14.9695	        16.5179	        722.949	       -402.772
	       -37.5736	       -132.316	       -222.169	     -0.0110475	       0.626317	       -16.9942	       -402.772	        1050.25
invIMIS 11
	        27.0445	        15.7067	        41.1993	       0.338612	       -1.10711	        1.80034	        51.2852	       -128.166
	        15.7067	        55.8025	        74.1817	        12.2284	        15.0348	       -1.87179	        63.1527	       -259.938
	        41.1993	        74.1817	        300.055	        1.10091	        13.7087	      -0.550925	        212.253	        -641.84
	       0.338612	        12.2284	        1.10091	        19.4453	        3.07017	       -2.32683	        47.5417	       -29.7491
	       -1.10711	        15.0348	        13.7087	        3.07017	        130.206	        5.37931	        29.7312	        4.56683
	        1.80034	       -1.87179	      -0.550925	       -2.32683	        5.37931	        4.59085	       -1.95637	        18.3748
	        51.2852	        63.1527	        212.253	        47.5417	        29.7312	       -1.95637	        889.173	       -616.901
	       -128.166	       -259.938	        -641.84	       -29.7491	        4.56683	        18.3748	       -616.901	        2139.35
