"indicator","year","parameter_set","value"
"TotalHIVtests",1985,"1",11.4768
"TotalHIVtests",1985,"2",13.3231
"TotalHIVtests",1986,"1",35.0675
"TotalHIVtests",1986,"2",41.1358
"TotalHIVtests",1987,"1",98.9796
"TotalHIVtests",1987,"2",118.733
"TotalHIVtests",1988,"1",246.951
"TotalHIVtests",1988,"2",300.041
"TotalHIVtests",1989,"1",543.002
"TotalHIVtests",1989,"2",658.718
"TotalHIVtests",1990,"1",1072.18
"TotalHIVtests",1990,"2",1284.41
"TotalHIVtests",1991,"1",126787
"TotalHIVtests",1991,"2",126589
"TotalHIVtests",1992,"1",253789
"TotalHIVtests",1992,"2",253068
"TotalHIVtests",1993,"1",381111
"TotalHIVtests",1993,"2",379657
"TotalHIVtests",1994,"1",508580
"TotalHIVtests",1994,"2",506288
"TotalHIVtests",1995,"1",636050
"TotalHIVtests",1995,"2",632914
"TotalHIVtests",1996,"1",763379
"TotalHIVtests",1996,"2",759471
"TotalHIVtests",1997,"1",890659
"TotalHIVtests",1997,"2",886046
"TotalHIVtests",1998,"1",1017710
"TotalHIVtests",1998,"2",1012520
"TotalHIVtests",1999,"1",1144330
"TotalHIVtests",1999,"2",1138700
"TotalHIVtests",2000,"1",1270220
"TotalHIVtests",2000,"2",1264300
"TotalHIVtests",2001,"1",1395620
"TotalHIVtests",2001,"2",1389530
"TotalHIVtests",2002,"1",1519930
"TotalHIVtests",2002,"2",1513800
"TotalHIVtests",2003,"1",1649730
"TotalHIVtests",2003,"2",1643410
"TotalHIVtests",2004,"1",1777700
"TotalHIVtests",2004,"2",1771210
"TotalHIVtests",2005,"1",2206970
"TotalHIVtests",2005,"2",2198280
"TotalHIVtests",2006,"1",2441430
"TotalHIVtests",2006,"2",2432120
"TotalHIVtests",2007,"1",2770880
"TotalHIVtests",2007,"2",2759220
"TotalHIVtests",2008,"1",3473040
"TotalHIVtests",2008,"2",3455890
"TotalHIVtests",2009,"1",7823390
"TotalHIVtests",2009,"2",7761310
"TotalHIVtests",2010,"1",10706800
"TotalHIVtests",2010,"2",10651100
"TotalHIVtests",2011,"1",9841370
"TotalHIVtests",2011,"2",9802510
"TotalHIVtests",2012,"1",10058100
"TotalHIVtests",2012,"2",10024700
"TotalHIVtests",2013,"1",8359420
"TotalHIVtests",2013,"2",8340620
"TotalHIVtests",2014,"1",9695760
"TotalHIVtests",2014,"2",9673320
"TotalHIVtests",2015,"1",12513500
"TotalHIVtests",2015,"2",12468900
"TotalHIVtests",2016,"1",13716200
"TotalHIVtests",2016,"2",13668700
"TotalHIVtests",2017,"1",13172500
"TotalHIVtests",2017,"2",13129700
"TotalHIVtests",2018,"1",14070700
"TotalHIVtests",2018,"2",14025800
"TotalHIVtests",2019,"1",17844300
"TotalHIVtests",2019,"2",17789500
"TotalHIVtests",2020,"1",13718100
"TotalHIVtests",2020,"2",13686200
"TotalHIVtests",2021,"1",15666700
"TotalHIVtests",2021,"2",13565800
"TotalHIVtests",2022,"1",18178000
"TotalHIVtests",2022,"2",14981800
"TotalHIVtests",2023,"1",18651700
"TotalHIVtests",2023,"2",15349600
"TotalHIVtests",2024,"1",19125400
"TotalHIVtests",2024,"2",15727100
"TotalHIVtests",2025,"1",19607700
"TotalHIVtests",2025,"2",16120500
"TotalHIVtests",2026,"1",20034500
"TotalHIVtests",2026,"2",16466400
"TotalHIVtests",2027,"1",20401900
"TotalHIVtests",2027,"2",16761400
"TotalHIVtests",2028,"1",20757400
"TotalHIVtests",2028,"2",17048300
"TotalHIVtests",2029,"1",21110000
"TotalHIVtests",2029,"2",17334200
"TotalHIVtests",2030,"1",21457000
"TotalHIVtests",2030,"2",17615000
"TotalHIVtests",2031,"1",21796800
"TotalHIVtests",2031,"2",17889100
"TotalHIVtests",2032,"1",22124900
"TotalHIVtests",2032,"2",18152100
"TotalHIVtests",2033,"1",22441300
"TotalHIVtests",2033,"2",18404700
"TotalHIVtests",2034,"1",22747100
"TotalHIVtests",2034,"2",18648000
"TotalHIVtests",2035,"1",23044700
"TotalHIVtests",2035,"2",18884900
"TotalHIVtests",2036,"1",23333000
"TotalHIVtests",2036,"2",19114300
"TotalHIVtests",2037,"1",23609000
"TotalHIVtests",2037,"2",19333000
"TotalHIVtests",2038,"1",23872400
"TotalHIVtests",2038,"2",19540700
"TotalHIVtests",2039,"1",24123700
"TotalHIVtests",2039,"2",19738000
"TotalHIVtests",2040,"1",24364300
"TotalHIVtests",2040,"2",19926300
"TotalHIVtests",2041,"1",24596000
"TotalHIVtests",2041,"2",20107200
"TotalHIVtests",2042,"1",24821900
"TotalHIVtests",2042,"2",20283700
"TotalHIVtests",2043,"1",25041100
"TotalHIVtests",2043,"2",20455200
"TotalHIVtests",2044,"1",25252100
"TotalHIVtests",2044,"2",20619800
"TotalHIVtests",2045,"1",25454900
"TotalHIVtests",2045,"2",20778000
"TotalHIVtests",2046,"1",25650700
"TotalHIVtests",2046,"2",20930700
"TotalHIVtests",2047,"1",25840800
"TotalHIVtests",2047,"2",21079500
"TotalHIVtests",2048,"1",26025400
"TotalHIVtests",2048,"2",21224400
"TotalHIVtests",2049,"1",26204000
"TotalHIVtests",2049,"2",21365000
"TotalHIVtests",2050,"1",26377200
"TotalHIVtests",2050,"2",21501700
"TotalHIVtests",2051,"1",26545300
"TotalHIVtests",2051,"2",21634800
"TotalHIVtests",2052,"1",26709100
"TotalHIVtests",2052,"2",21764600
"TotalHIVtests",2053,"1",26868700
"TotalHIVtests",2053,"2",21891600
"TotalHIVtests",2054,"1",27024400
"TotalHIVtests",2054,"2",22015700
"TotalHIVtests",2055,"1",27175900
"TotalHIVtests",2055,"2",22136600
"TotalHIVtests",2056,"1",27322900
"TotalHIVtests",2056,"2",22254100
"TotalHIVtests",2057,"1",27465200
"TotalHIVtests",2057,"2",22367900
"TotalHIVtests",2058,"1",27602200
"TotalHIVtests",2058,"2",22477400
"TotalHIVtests",2059,"1",27733200
"TotalHIVtests",2059,"2",22582200
"TotalHIVtests",2060,"1",27857900
"TotalHIVtests",2060,"2",22681700
"TotalHIVtests",2061,"1",27975500
"TotalHIVtests",2061,"2",22775500
"TotalHIVtests",2062,"1",28085700
"TotalHIVtests",2062,"2",22863100
"TotalHIVtests",2063,"1",28188200
"TotalHIVtests",2063,"2",22944500
"TotalHIVtests",2064,"1",28282800
"TotalHIVtests",2064,"2",23019400
"TotalHIVtests",2065,"1",28369300
"TotalHIVtests",2065,"2",23087700
"TotalHIVtests",2066,"1",28447800
"TotalHIVtests",2066,"2",23149500
"TotalHIVtests",2067,"1",28518400
"TotalHIVtests",2067,"2",23204900
"TotalHIVtests",2068,"1",28581400
"TotalHIVtests",2068,"2",23254100
"TotalHIVtests",2069,"1",28637000
"TotalHIVtests",2069,"2",23297500
"TotalHIVtests",2070,"1",28685800
"TotalHIVtests",2070,"2",23335400
"TotalHIVtests",2071,"1",28728000
"TotalHIVtests",2071,"2",23368200
"TotalHIVtests",2072,"1",28764300
"TotalHIVtests",2072,"2",23396200
"TotalHIVtests",2073,"1",28795100
"TotalHIVtests",2073,"2",23420000
"TotalHIVtests",2074,"1",28820900
"TotalHIVtests",2074,"2",23439900
"TotalHIVtests",2075,"1",28842100
"TotalHIVtests",2075,"2",23456200
"TotalHIVtests",2076,"1",28859100
"TotalHIVtests",2076,"2",23469300
"TotalHIVtests",2077,"1",28872300
"TotalHIVtests",2077,"2",23479500
"TotalHIVtests",2078,"1",28882000
"TotalHIVtests",2078,"2",23487000
"TotalHIVtests",2079,"1",28888400
"TotalHIVtests",2079,"2",23492100
"TotalHIVtests",2080,"1",28891900
"TotalHIVtests",2080,"2",23495000
"TotalHIVtests",2081,"1",28892500
"TotalHIVtests",2081,"2",23495700
"TotalHIVtests",2082,"1",28890400
"TotalHIVtests",2082,"2",23494300
"TotalHIVtests",2083,"1",28885600
"TotalHIVtests",2083,"2",23490800
"TotalHIVtests",2084,"1",28878200
"TotalHIVtests",2084,"2",23485300
"TotalHIVtests",2085,"1",28868200
"TotalHIVtests",2085,"2",23477800
"TotalHIVtests",2086,"1",28855500
"TotalHIVtests",2086,"2",23468000
"TotalHIVtests",2087,"1",28840100
"TotalHIVtests",2087,"2",23456100
"TotalHIVtests",2088,"1",28821800
"TotalHIVtests",2088,"2",23442000
"TotalHIVtests",2089,"1",28800700
"TotalHIVtests",2089,"2",23425400
"TotalHIVtests",2090,"1",28776600
"TotalHIVtests",2090,"2",23406400
"TotalHIVtests",2091,"1",28749400
"TotalHIVtests",2091,"2",23384900
"TotalHIVtests",2092,"1",28719100
"TotalHIVtests",2092,"2",23360900
"TotalHIVtests",2093,"1",28685700
"TotalHIVtests",2093,"2",23334200
"TotalHIVtests",2094,"1",28649100
"TotalHIVtests",2094,"2",23305000
"TotalHIVtests",2095,"1",28609300
"TotalHIVtests",2095,"2",23273200
"TotalHIVtests",2096,"1",28566500
"TotalHIVtests",2096,"2",23238900
"TotalHIVtests",2097,"1",28520800
"TotalHIVtests",2097,"2",23202100
"TotalHIVtests",2098,"1",28472100
"TotalHIVtests",2098,"2",23163000
"TotalHIVtests",2099,"1",28420800
"TotalHIVtests",2099,"2",23121800
"TotalHIVtests",2100,"1",28366900
"TotalHIVtests",2100,"2",23078500
"NewAdultHIV",1985,"1",2299.97
"NewAdultHIV",1985,"2",2734.89
"NewAdultHIV",1986,"1",8400.61
"NewAdultHIV",1986,"2",10436.9
"NewAdultHIV",1987,"1",20992.4
"NewAdultHIV",1987,"2",26680.3
"NewAdultHIV",1988,"1",41866.3
"NewAdultHIV",1988,"2",52708.1
"NewAdultHIV",1989,"1",70972.4
"NewAdultHIV",1989,"2",86241.7
"NewAdultHIV",1990,"1",107794
"NewAdultHIV",1990,"2",125021
"NewAdultHIV",1991,"1",153796
"NewAdultHIV",1991,"2",170423
"NewAdultHIV",1992,"1",208215
"NewAdultHIV",1992,"2",222238
"NewAdultHIV",1993,"1",266297
"NewAdultHIV",1993,"2",276332
"NewAdultHIV",1994,"1",322956
"NewAdultHIV",1994,"2",328273
"NewAdultHIV",1995,"1",373446
"NewAdultHIV",1995,"2",374065
"NewAdultHIV",1996,"1",414511
"NewAdultHIV",1996,"2",411227
"NewAdultHIV",1997,"1",441087
"NewAdultHIV",1997,"2",435324
"NewAdultHIV",1998,"1",457328
"NewAdultHIV",1998,"2",450307
"NewAdultHIV",1999,"1",464296
"NewAdultHIV",1999,"2",456872
"NewAdultHIV",2000,"1",462864
"NewAdultHIV",2000,"2",455572
"NewAdultHIV",2001,"1",455296
"NewAdultHIV",2001,"2",448415
"NewAdultHIV",2002,"1",445112
"NewAdultHIV",2002,"2",438663
"NewAdultHIV",2003,"1",434875
"NewAdultHIV",2003,"2",428825
"NewAdultHIV",2004,"1",424111
"NewAdultHIV",2004,"2",418471
"NewAdultHIV",2005,"1",413585
"NewAdultHIV",2005,"2",408231
"NewAdultHIV",2006,"1",404955
"NewAdultHIV",2006,"2",399732
"NewAdultHIV",2007,"1",398967
"NewAdultHIV",2007,"2",393879
"NewAdultHIV",2008,"1",393147
"NewAdultHIV",2008,"2",388166
"NewAdultHIV",2009,"1",385169
"NewAdultHIV",2009,"2",379865
"NewAdultHIV",2010,"1",376056
"NewAdultHIV",2010,"2",369852
"NewAdultHIV",2011,"1",363353
"NewAdultHIV",2011,"2",356502
"NewAdultHIV",2012,"1",344731
"NewAdultHIV",2012,"2",338011
"NewAdultHIV",2013,"1",327405
"NewAdultHIV",2013,"2",321258
"NewAdultHIV",2014,"1",309317
"NewAdultHIV",2014,"2",303591
"NewAdultHIV",2015,"1",295183
"NewAdultHIV",2015,"2",289399
"NewAdultHIV",2016,"1",272728
"NewAdultHIV",2016,"2",267396
"NewAdultHIV",2017,"1",244465
"NewAdultHIV",2017,"2",240531
"NewAdultHIV",2018,"1",225126
"NewAdultHIV",2018,"2",222338
"NewAdultHIV",2019,"1",206336
"NewAdultHIV",2019,"2",204897
"NewAdultHIV",2020,"1",196554
"NewAdultHIV",2020,"2",196135
"NewAdultHIV",2021,"1",185540
"NewAdultHIV",2021,"2",184770
"NewAdultHIV",2022,"1",176236
"NewAdultHIV",2022,"2",174825
"NewAdultHIV",2023,"1",167496
"NewAdultHIV",2023,"2",165048
"NewAdultHIV",2024,"1",162615
"NewAdultHIV",2024,"2",159944
"NewAdultHIV",2025,"1",158320
"NewAdultHIV",2025,"2",155498
"NewAdultHIV",2026,"1",154339
"NewAdultHIV",2026,"2",151343
"NewAdultHIV",2027,"1",150408
"NewAdultHIV",2027,"2",147204
"NewAdultHIV",2028,"1",146308
"NewAdultHIV",2028,"2",142890
"NewAdultHIV",2029,"1",142052
"NewAdultHIV",2029,"2",138429
"NewAdultHIV",2030,"1",137714
"NewAdultHIV",2030,"2",133894
"NewAdultHIV",2031,"1",133328
"NewAdultHIV",2031,"2",129323
"NewAdultHIV",2032,"1",128910
"NewAdultHIV",2032,"2",124732
"NewAdultHIV",2033,"1",124490
"NewAdultHIV",2033,"2",120158
"NewAdultHIV",2034,"1",120114
"NewAdultHIV",2034,"2",115652
"NewAdultHIV",2035,"1",115584
"NewAdultHIV",2035,"2",111034
"NewAdultHIV",2036,"1",111157
"NewAdultHIV",2036,"2",106545
"NewAdultHIV",2037,"1",106861
"NewAdultHIV",2037,"2",102206
"NewAdultHIV",2038,"1",102699
"NewAdultHIV",2038,"2",98021.4
"NewAdultHIV",2039,"1",98692.2
"NewAdultHIV",2039,"2",94007.8
"NewAdultHIV",2040,"1",94849.3
"NewAdultHIV",2040,"2",90170.9
"NewAdultHIV",2041,"1",91159.7
"NewAdultHIV",2041,"2",86499
"NewAdultHIV",2042,"1",87623.5
"NewAdultHIV",2042,"2",82989.8
"NewAdultHIV",2043,"1",84228.7
"NewAdultHIV",2043,"2",79630.8
"NewAdultHIV",2044,"1",80971.2
"NewAdultHIV",2044,"2",76416.7
"NewAdultHIV",2045,"1",77848.7
"NewAdultHIV",2045,"2",73343.9
"NewAdultHIV",2046,"1",74846.3
"NewAdultHIV",2046,"2",70397.6
"NewAdultHIV",2047,"1",71962.6
"NewAdultHIV",2047,"2",67575.1
"NewAdultHIV",2048,"1",69186.9
"NewAdultHIV",2048,"2",64865.6
"NewAdultHIV",2049,"1",66517.1
"NewAdultHIV",2049,"2",62266
"NewAdultHIV",2050,"1",63942.2
"NewAdultHIV",2050,"2",59765.3
"NewAdultHIV",2051,"1",61463.2
"NewAdultHIV",2051,"2",57363.8
"NewAdultHIV",2052,"1",59073
"NewAdultHIV",2052,"2",55054.1
"NewAdultHIV",2053,"1",56770.3
"NewAdultHIV",2053,"2",52834.2
"NewAdultHIV",2054,"1",54545.7
"NewAdultHIV",2054,"2",50695.2
"NewAdultHIV",2055,"1",52400.5
"NewAdultHIV",2055,"2",48637.6
"NewAdultHIV",2056,"1",50328.7
"NewAdultHIV",2056,"2",46655.4
"NewAdultHIV",2057,"1",48326.8
"NewAdultHIV",2057,"2",44744.9
"NewAdultHIV",2058,"1",46393.9
"NewAdultHIV",2058,"2",42904.9
"NewAdultHIV",2059,"1",44522.8
"NewAdultHIV",2059,"2",41128.5
"NewAdultHIV",2060,"1",42715.3
"NewAdultHIV",2060,"2",39417
"NewAdultHIV",2061,"1",40967.4
"NewAdultHIV",2061,"2",37766.2
"NewAdultHIV",2062,"1",39278.9
"NewAdultHIV",2062,"2",36175.9
"NewAdultHIV",2063,"1",37644.4
"NewAdultHIV",2063,"2",34640.8
"NewAdultHIV",2064,"1",36066.4
"NewAdultHIV",2064,"2",33162.8
"NewAdultHIV",2065,"1",34541.8
"NewAdultHIV",2065,"2",31739
"NewAdultHIV",2066,"1",33070.1
"NewAdultHIV",2066,"2",30368.7
"NewAdultHIV",2067,"1",31650.9
"NewAdultHIV",2067,"2",29051.1
"NewAdultHIV",2068,"1",30285.1
"NewAdultHIV",2068,"2",27786.9
"NewAdultHIV",2069,"1",28970.4
"NewAdultHIV",2069,"2",26573.8
"NewAdultHIV",2070,"1",27705.2
"NewAdultHIV",2070,"2",25410.2
"NewAdultHIV",2071,"1",26489.1
"NewAdultHIV",2071,"2",24295.3
"NewAdultHIV",2072,"1",25321.1
"NewAdultHIV",2072,"2",23228.1
"NewAdultHIV",2073,"1",24197.5
"NewAdultHIV",2073,"2",22204.9
"NewAdultHIV",2074,"1",23119.4
"NewAdultHIV",2074,"2",21226.6
"NewAdultHIV",2075,"1",22085.4
"NewAdultHIV",2075,"2",20291.7
"NewAdultHIV",2076,"1",21093.4
"NewAdultHIV",2076,"2",19397.9
"NewAdultHIV",2077,"1",20141.7
"NewAdultHIV",2077,"2",18543.7
"NewAdultHIV",2078,"1",19230.3
"NewAdultHIV",2078,"2",17728.6
"NewAdultHIV",2079,"1",18356.5
"NewAdultHIV",2079,"2",16950.1
"NewAdultHIV",2080,"1",17518.8
"NewAdultHIV",2080,"2",16206.6
"NewAdultHIV",2081,"1",16715.1
"NewAdultHIV",2081,"2",15496
"NewAdultHIV",2082,"1",15946.8
"NewAdultHIV",2082,"2",14819.2
"NewAdultHIV",2083,"1",15208.5
"NewAdultHIV",2083,"2",14171.2
"NewAdultHIV",2084,"1",14500.6
"NewAdultHIV",2084,"2",13552
"NewAdultHIV",2085,"1",13822
"NewAdultHIV",2085,"2",12960.5
"NewAdultHIV",2086,"1",13171.5
"NewAdultHIV",2086,"2",12395.2
"NewAdultHIV",2087,"1",12547.7
"NewAdultHIV",2087,"2",11854.8
"NewAdultHIV",2088,"1",11950.4
"NewAdultHIV",2088,"2",11338.6
"NewAdultHIV",2089,"1",11377.7
"NewAdultHIV",2089,"2",10845
"NewAdultHIV",2090,"1",10831
"NewAdultHIV",2090,"2",10374.8
"NewAdultHIV",2091,"1",10307.5
"NewAdultHIV",2091,"2",9925.31
"NewAdultHIV",2092,"1",9806.65
"NewAdultHIV",2092,"2",9495.99
"NewAdultHIV",2093,"1",9329.23
"NewAdultHIV",2093,"2",9087.25
"NewAdultHIV",2094,"1",8874.37
"NewAdultHIV",2094,"2",8698.13
"NewAdultHIV",2095,"1",8439.25
"NewAdultHIV",2095,"2",8326.02
"NewAdultHIV",2096,"1",8024.28
"NewAdultHIV",2096,"2",7971.22
"NewAdultHIV",2097,"1",7628.67
"NewAdultHIV",2097,"2",7632.89
"NewAdultHIV",2098,"1",7251.9
"NewAdultHIV",2098,"2",7310.53
"NewAdultHIV",2099,"1",6892.75
"NewAdultHIV",2099,"2",7003.02
"NewAdultHIV",2100,"1",6552.45
"NewAdultHIV",2100,"2",6711.37
"AIDSdeathsAdultM",1985,"1",1.31175
"AIDSdeathsAdultM",1985,"2",1.33662
"AIDSdeathsAdultM",1986,"1",12.2186
"AIDSdeathsAdultM",1986,"2",12.4572
"AIDSdeathsAdultM",1987,"1",49.177
"AIDSdeathsAdultM",1987,"2",50.8951
"AIDSdeathsAdultM",1988,"1",154.528
"AIDSdeathsAdultM",1988,"2",164.042
"AIDSdeathsAdultM",1989,"1",415.693
"AIDSdeathsAdultM",1989,"2",451.717
"AIDSdeathsAdultM",1990,"1",971.649
"AIDSdeathsAdultM",1990,"2",1070.41
"AIDSdeathsAdultM",1991,"1",2002.24
"AIDSdeathsAdultM",1991,"2",2212.37
"AIDSdeathsAdultM",1992,"1",3749.29
"AIDSdeathsAdultM",1992,"2",4119.68
"AIDSdeathsAdultM",1993,"1",6429.37
"AIDSdeathsAdultM",1993,"2",6982.23
"AIDSdeathsAdultM",1994,"1",10254.8
"AIDSdeathsAdultM",1994,"2",10968.2
"AIDSdeathsAdultM",1995,"1",15397
"AIDSdeathsAdultM",1995,"2",16197
"AIDSdeathsAdultM",1996,"1",21960.9
"AIDSdeathsAdultM",1996,"2",22725.5
"AIDSdeathsAdultM",1997,"1",29685.3
"AIDSdeathsAdultM",1997,"2",30251.5
"AIDSdeathsAdultM",1998,"1",38588.6
"AIDSdeathsAdultM",1998,"2",38791.5
"AIDSdeathsAdultM",1999,"1",48468.4
"AIDSdeathsAdultM",1999,"2",48155
"AIDSdeathsAdultM",2000,"1",59000.1
"AIDSdeathsAdultM",2000,"2",58063.5
"AIDSdeathsAdultM",2001,"1",69038.9
"AIDSdeathsAdultM",2001,"2",67299.8
"AIDSdeathsAdultM",2002,"1",79416.2
"AIDSdeathsAdultM",2002,"2",76814.4
"AIDSdeathsAdultM",2003,"1",89457.9
"AIDSdeathsAdultM",2003,"2",85994
"AIDSdeathsAdultM",2004,"1",99378.5
"AIDSdeathsAdultM",2004,"2",95347.1
"AIDSdeathsAdultM",2005,"1",103058
"AIDSdeathsAdultM",2005,"2",98063.8
"AIDSdeathsAdultM",2006,"1",102713
"AIDSdeathsAdultM",2006,"2",96750.7
"AIDSdeathsAdultM",2007,"1",98095.1
"AIDSdeathsAdultM",2007,"2",91312.4
"AIDSdeathsAdultM",2008,"1",92355.6
"AIDSdeathsAdultM",2008,"2",85387.1
"AIDSdeathsAdultM",2009,"1",85372.8
"AIDSdeathsAdultM",2009,"2",78815.4
"AIDSdeathsAdultM",2010,"1",74157.5
"AIDSdeathsAdultM",2010,"2",68777
"AIDSdeathsAdultM",2011,"1",60855
"AIDSdeathsAdultM",2011,"2",57220.9
"AIDSdeathsAdultM",2012,"1",50529.8
"AIDSdeathsAdultM",2012,"2",48404.4
"AIDSdeathsAdultM",2013,"1",44594
"AIDSdeathsAdultM",2013,"2",43327.2
"AIDSdeathsAdultM",2014,"1",41177.3
"AIDSdeathsAdultM",2014,"2",40310
"AIDSdeathsAdultM",2015,"1",38766.6
"AIDSdeathsAdultM",2015,"2",38107
"AIDSdeathsAdultM",2016,"1",36183.4
"AIDSdeathsAdultM",2016,"2",35782.8
"AIDSdeathsAdultM",2017,"1",33212.9
"AIDSdeathsAdultM",2017,"2",33054.7
"AIDSdeathsAdultM",2018,"1",30878.3
"AIDSdeathsAdultM",2018,"2",30930.8
"AIDSdeathsAdultM",2019,"1",28908.2
"AIDSdeathsAdultM",2019,"2",29166.6
"AIDSdeathsAdultM",2020,"1",27448.4
"AIDSdeathsAdultM",2020,"2",27850
"AIDSdeathsAdultM",2021,"1",26787.4
"AIDSdeathsAdultM",2021,"2",27300.7
"AIDSdeathsAdultM",2022,"1",26067.2
"AIDSdeathsAdultM",2022,"2",26745.7
"AIDSdeathsAdultM",2023,"1",25075.3
"AIDSdeathsAdultM",2023,"2",25941.1
"AIDSdeathsAdultM",2024,"1",23970.3
"AIDSdeathsAdultM",2024,"2",24873.1
"AIDSdeathsAdultM",2025,"1",23164.8
"AIDSdeathsAdultM",2025,"2",24066.5
"AIDSdeathsAdultM",2026,"1",22669.8
"AIDSdeathsAdultM",2026,"2",23525.7
"AIDSdeathsAdultM",2027,"1",22341.3
"AIDSdeathsAdultM",2027,"2",23152.5
"AIDSdeathsAdultM",2028,"1",22108.9
"AIDSdeathsAdultM",2028,"2",22870.6
"AIDSdeathsAdultM",2029,"1",21939
"AIDSdeathsAdultM",2029,"2",22651.5
"AIDSdeathsAdultM",2030,"1",21803.6
"AIDSdeathsAdultM",2030,"2",22470.9
"AIDSdeathsAdultM",2031,"1",21688
"AIDSdeathsAdultM",2031,"2",22315.1
"AIDSdeathsAdultM",2032,"1",21577.6
"AIDSdeathsAdultM",2032,"2",22169.9
"AIDSdeathsAdultM",2033,"1",21466.1
"AIDSdeathsAdultM",2033,"2",22027.9
"AIDSdeathsAdultM",2034,"1",21347
"AIDSdeathsAdultM",2034,"2",21881.8
"AIDSdeathsAdultM",2035,"1",21215.7
"AIDSdeathsAdultM",2035,"2",21725.7
"AIDSdeathsAdultM",2036,"1",21068.6
"AIDSdeathsAdultM",2036,"2",21555.6
"AIDSdeathsAdultM",2037,"1",20903.3
"AIDSdeathsAdultM",2037,"2",21368.2
"AIDSdeathsAdultM",2038,"1",20718.4
"AIDSdeathsAdultM",2038,"2",21161.9
"AIDSdeathsAdultM",2039,"1",20513.4
"AIDSdeathsAdultM",2039,"2",20935.9
"AIDSdeathsAdultM",2040,"1",20288.5
"AIDSdeathsAdultM",2040,"2",20690
"AIDSdeathsAdultM",2041,"1",20044
"AIDSdeathsAdultM",2041,"2",20424.5
"AIDSdeathsAdultM",2042,"1",19780.7
"AIDSdeathsAdultM",2042,"2",20139.9
"AIDSdeathsAdultM",2043,"1",19499.2
"AIDSdeathsAdultM",2043,"2",19837.1
"AIDSdeathsAdultM",2044,"1",19200.2
"AIDSdeathsAdultM",2044,"2",19516.7
"AIDSdeathsAdultM",2045,"1",18884.7
"AIDSdeathsAdultM",2045,"2",19179.7
"AIDSdeathsAdultM",2046,"1",18553.3
"AIDSdeathsAdultM",2046,"2",18826.8
"AIDSdeathsAdultM",2047,"1",18206.9
"AIDSdeathsAdultM",2047,"2",18459
"AIDSdeathsAdultM",2048,"1",17846.2
"AIDSdeathsAdultM",2048,"2",18077.2
"AIDSdeathsAdultM",2049,"1",17472.1
"AIDSdeathsAdultM",2049,"2",17682.1
"AIDSdeathsAdultM",2050,"1",17085.5
"AIDSdeathsAdultM",2050,"2",17274.8
"AIDSdeathsAdultM",2051,"1",16687.1
"AIDSdeathsAdultM",2051,"2",16856.1
"AIDSdeathsAdultM",2052,"1",16277.9
"AIDSdeathsAdultM",2052,"2",16427
"AIDSdeathsAdultM",2053,"1",15858.8
"AIDSdeathsAdultM",2053,"2",15988.5
"AIDSdeathsAdultM",2054,"1",15430.8
"AIDSdeathsAdultM",2054,"2",15541.7
"AIDSdeathsAdultM",2055,"1",14994.9
"AIDSdeathsAdultM",2055,"2",15087.6
"AIDSdeathsAdultM",2056,"1",14552.4
"AIDSdeathsAdultM",2056,"2",14627.6
"AIDSdeathsAdultM",2057,"1",14104.4
"AIDSdeathsAdultM",2057,"2",14162.8
"AIDSdeathsAdultM",2058,"1",13652.3
"AIDSdeathsAdultM",2058,"2",13694.8
"AIDSdeathsAdultM",2059,"1",13197.4
"AIDSdeathsAdultM",2059,"2",13224.9
"AIDSdeathsAdultM",2060,"1",12741.2
"AIDSdeathsAdultM",2060,"2",12754.6
"AIDSdeathsAdultM",2061,"1",12285.1
"AIDSdeathsAdultM",2061,"2",12285.4
"AIDSdeathsAdultM",2062,"1",11830.4
"AIDSdeathsAdultM",2062,"2",11818.8
"AIDSdeathsAdultM",2063,"1",11378.7
"AIDSdeathsAdultM",2063,"2",11356.2
"AIDSdeathsAdultM",2064,"1",10931.4
"AIDSdeathsAdultM",2064,"2",10899.1
"AIDSdeathsAdultM",2065,"1",10489.7
"AIDSdeathsAdultM",2065,"2",10448.9
"AIDSdeathsAdultM",2066,"1",10055.2
"AIDSdeathsAdultM",2066,"2",10006.9
"AIDSdeathsAdultM",2067,"1",9629.06
"AIDSdeathsAdultM",2067,"2",9574.51
"AIDSdeathsAdultM",2068,"1",9212.44
"AIDSdeathsAdultM",2068,"2",9152.77
"AIDSdeathsAdultM",2069,"1",8806.41
"AIDSdeathsAdultM",2069,"2",8742.73
"AIDSdeathsAdultM",2070,"1",8411.82
"AIDSdeathsAdultM",2070,"2",8345.24
"AIDSdeathsAdultM",2071,"1",8029.4
"AIDSdeathsAdultM",2071,"2",7960.98
"AIDSdeathsAdultM",2072,"1",7659.74
"AIDSdeathsAdultM",2072,"2",7590.51
"AIDSdeathsAdultM",2073,"1",7303.34
"AIDSdeathsAdultM",2073,"2",7234.26
"AIDSdeathsAdultM",2074,"1",6960.59
"AIDSdeathsAdultM",2074,"2",6892.53
"AIDSdeathsAdultM",2075,"1",6631.71
"AIDSdeathsAdultM",2075,"2",6565.49
"AIDSdeathsAdultM",2076,"1",6316.78
"AIDSdeathsAdultM",2076,"2",6253.12
"AIDSdeathsAdultM",2077,"1",6015.64
"AIDSdeathsAdultM",2077,"2",5955.21
"AIDSdeathsAdultM",2078,"1",5728.05
"AIDSdeathsAdultM",2078,"2",5671.45
"AIDSdeathsAdultM",2079,"1",5453.6
"AIDSdeathsAdultM",2079,"2",5401.37
"AIDSdeathsAdultM",2080,"1",5191.75
"AIDSdeathsAdultM",2080,"2",5144.38
"AIDSdeathsAdultM",2081,"1",4941.93
"AIDSdeathsAdultM",2081,"2",4899.88
"AIDSdeathsAdultM",2082,"1",4703.51
"AIDSdeathsAdultM",2082,"2",4667.16
"AIDSdeathsAdultM",2083,"1",4475.81
"AIDSdeathsAdultM",2083,"2",4445.52
"AIDSdeathsAdultM",2084,"1",4258.18
"AIDSdeathsAdultM",2084,"2",4234.29
"AIDSdeathsAdultM",2085,"1",4050.02
"AIDSdeathsAdultM",2085,"2",4032.81
"AIDSdeathsAdultM",2086,"1",3850.83
"AIDSdeathsAdultM",2086,"2",3840.53
"AIDSdeathsAdultM",2087,"1",3660.11
"AIDSdeathsAdultM",2087,"2",3656.93
"AIDSdeathsAdultM",2088,"1",3477.46
"AIDSdeathsAdultM",2088,"2",3481.56
"AIDSdeathsAdultM",2089,"1",3302.58
"AIDSdeathsAdultM",2089,"2",3314.07
"AIDSdeathsAdultM",2090,"1",3135.18
"AIDSdeathsAdultM",2090,"2",3154.15
"AIDSdeathsAdultM",2091,"1",2975.04
"AIDSdeathsAdultM",2091,"2",3001.51
"AIDSdeathsAdultM",2092,"1",2821.97
"AIDSdeathsAdultM",2092,"2",2855.94
"AIDSdeathsAdultM",2093,"1",2675.84
"AIDSdeathsAdultM",2093,"2",2717.27
"AIDSdeathsAdultM",2094,"1",2536.54
"AIDSdeathsAdultM",2094,"2",2585.38
"AIDSdeathsAdultM",2095,"1",2404
"AIDSdeathsAdultM",2095,"2",2460.13
"AIDSdeathsAdultM",2096,"1",2278.08
"AIDSdeathsAdultM",2096,"2",2341.38
"AIDSdeathsAdultM",2097,"1",2158.71
"AIDSdeathsAdultM",2097,"2",2229.02
"AIDSdeathsAdultM",2098,"1",2045.85
"AIDSdeathsAdultM",2098,"2",2122.97
"AIDSdeathsAdultM",2099,"1",1939.37
"AIDSdeathsAdultM",2099,"2",2023.07
"AIDSdeathsAdultM",2100,"1",1839.11
"AIDSdeathsAdultM",2100,"2",1929.14
"AIDSdeathsAdultF",1985,"1",1.35479
"AIDSdeathsAdultF",1985,"2",1.3812
"AIDSdeathsAdultF",1986,"1",11.672
"AIDSdeathsAdultF",1986,"2",11.8916
"AIDSdeathsAdultF",1987,"1",40.6038
"AIDSdeathsAdultF",1987,"2",41.6065
"AIDSdeathsAdultF",1988,"1",111.001
"AIDSdeathsAdultF",1988,"2",115.021
"AIDSdeathsAdultF",1989,"1",276.467
"AIDSdeathsAdultF",1989,"2",289.9
"AIDSdeathsAdultF",1990,"1",636.17
"AIDSdeathsAdultF",1990,"2",671.574
"AIDSdeathsAdultF",1991,"1",1356.14
"AIDSdeathsAdultF",1991,"2",1431.09
"AIDSdeathsAdultF",1992,"1",2658.89
"AIDSdeathsAdultF",1992,"2",2787.59
"AIDSdeathsAdultF",1993,"1",4824.08
"AIDSdeathsAdultF",1993,"2",5002.58
"AIDSdeathsAdultF",1994,"1",8178.76
"AIDSdeathsAdultF",1994,"2",8368.4
"AIDSdeathsAdultF",1995,"1",13072.2
"AIDSdeathsAdultF",1995,"2",13185.1
"AIDSdeathsAdultF",1996,"1",19838.7
"AIDSdeathsAdultF",1996,"2",19730.6
"AIDSdeathsAdultF",1997,"1",28508.2
"AIDSdeathsAdultF",1997,"2",27976.3
"AIDSdeathsAdultF",1998,"1",39300.9
"AIDSdeathsAdultF",1998,"2",38117.4
"AIDSdeathsAdultF",1999,"1",52184.7
"AIDSdeathsAdultF",1999,"2",50117.1
"AIDSdeathsAdultF",2000,"1",66817.8
"AIDSdeathsAdultF",2000,"2",63683.8
"AIDSdeathsAdultF",2001,"1",81336.2
"AIDSdeathsAdultF",2001,"2",76782.2
"AIDSdeathsAdultF",2002,"1",96692.2
"AIDSdeathsAdultF",2002,"2",90579.1
"AIDSdeathsAdultF",2003,"1",112179
"AIDSdeathsAdultF",2003,"2",104460
"AIDSdeathsAdultF",2004,"1",127683
"AIDSdeathsAdultF",2004,"2",118897
"AIDSdeathsAdultF",2005,"1",130575
"AIDSdeathsAdultF",2005,"2",120038
"AIDSdeathsAdultF",2006,"1",125374
"AIDSdeathsAdultF",2006,"2",113414
"AIDSdeathsAdultF",2007,"1",113218
"AIDSdeathsAdultF",2007,"2",100943
"AIDSdeathsAdultF",2008,"1",100977
"AIDSdeathsAdultF",2008,"2",89918.6
"AIDSdeathsAdultF",2009,"1",88910.3
"AIDSdeathsAdultF",2009,"2",80080.6
"AIDSdeathsAdultF",2010,"1",74853.2
"AIDSdeathsAdultF",2010,"2",69006.7
"AIDSdeathsAdultF",2011,"1",61621.6
"AIDSdeathsAdultF",2011,"2",58449.3
"AIDSdeathsAdultF",2012,"1",49971.1
"AIDSdeathsAdultF",2012,"2",48583.8
"AIDSdeathsAdultF",2013,"1",41703.4
"AIDSdeathsAdultF",2013,"2",41166.7
"AIDSdeathsAdultF",2014,"1",36358.1
"AIDSdeathsAdultF",2014,"2",36152.3
"AIDSdeathsAdultF",2015,"1",32996.9
"AIDSdeathsAdultF",2015,"2",32840.9
"AIDSdeathsAdultF",2016,"1",30145.5
"AIDSdeathsAdultF",2016,"2",30065.8
"AIDSdeathsAdultF",2017,"1",27505.8
"AIDSdeathsAdultF",2017,"2",27469.6
"AIDSdeathsAdultF",2018,"1",25255.7
"AIDSdeathsAdultF",2018,"2",25300
"AIDSdeathsAdultF",2019,"1",23366.4
"AIDSdeathsAdultF",2019,"2",23499.9
"AIDSdeathsAdultF",2020,"1",22137.9
"AIDSdeathsAdultF",2020,"2",22296.9
"AIDSdeathsAdultF",2021,"1",21450.5
"AIDSdeathsAdultF",2021,"2",21599.1
"AIDSdeathsAdultF",2022,"1",21147.6
"AIDSdeathsAdultF",2022,"2",21165.4
"AIDSdeathsAdultF",2023,"1",21096.7
"AIDSdeathsAdultF",2023,"2",20903.3
"AIDSdeathsAdultF",2024,"1",21133.6
"AIDSdeathsAdultF",2024,"2",20723.3
"AIDSdeathsAdultF",2025,"1",21170.2
"AIDSdeathsAdultF",2025,"2",20635.9
"AIDSdeathsAdultF",2026,"1",21228.1
"AIDSdeathsAdultF",2026,"2",20626.4
"AIDSdeathsAdultF",2027,"1",21285.7
"AIDSdeathsAdultF",2027,"2",20661
"AIDSdeathsAdultF",2028,"1",21362.5
"AIDSdeathsAdultF",2028,"2",20723.1
"AIDSdeathsAdultF",2029,"1",21451.8
"AIDSdeathsAdultF",2029,"2",20800
"AIDSdeathsAdultF",2030,"1",21544.3
"AIDSdeathsAdultF",2030,"2",20880.6
"AIDSdeathsAdultF",2031,"1",21634.6
"AIDSdeathsAdultF",2031,"2",20959.2
"AIDSdeathsAdultF",2032,"1",21716
"AIDSdeathsAdultF",2032,"2",21028.9
"AIDSdeathsAdultF",2033,"1",21786.2
"AIDSdeathsAdultF",2033,"2",21087.4
"AIDSdeathsAdultF",2034,"1",21841.6
"AIDSdeathsAdultF",2034,"2",21131.4
"AIDSdeathsAdultF",2035,"1",21879.8
"AIDSdeathsAdultF",2035,"2",21158.6
"AIDSdeathsAdultF",2036,"1",21898.6
"AIDSdeathsAdultF",2036,"2",21167
"AIDSdeathsAdultF",2037,"1",21896.3
"AIDSdeathsAdultF",2037,"2",21155
"AIDSdeathsAdultF",2038,"1",21872
"AIDSdeathsAdultF",2038,"2",21121.9
"AIDSdeathsAdultF",2039,"1",21825.4
"AIDSdeathsAdultF",2039,"2",21067.5
"AIDSdeathsAdultF",2040,"1",21756.8
"AIDSdeathsAdultF",2040,"2",20991.9
"AIDSdeathsAdultF",2041,"1",21666.7
"AIDSdeathsAdultF",2041,"2",20895.4
"AIDSdeathsAdultF",2042,"1",21555.4
"AIDSdeathsAdultF",2042,"2",20778.4
"AIDSdeathsAdultF",2043,"1",21423.5
"AIDSdeathsAdultF",2043,"2",20641.4
"AIDSdeathsAdultF",2044,"1",21271.1
"AIDSdeathsAdultF",2044,"2",20484.6
"AIDSdeathsAdultF",2045,"1",21098.7
"AIDSdeathsAdultF",2045,"2",20308.2
"AIDSdeathsAdultF",2046,"1",20906.5
"AIDSdeathsAdultF",2046,"2",20112.5
"AIDSdeathsAdultF",2047,"1",20694.7
"AIDSdeathsAdultF",2047,"2",19897.9
"AIDSdeathsAdultF",2048,"1",20463.6
"AIDSdeathsAdultF",2048,"2",19664.4
"AIDSdeathsAdultF",2049,"1",20213.5
"AIDSdeathsAdultF",2049,"2",19412.5
"AIDSdeathsAdultF",2050,"1",19944.9
"AIDSdeathsAdultF",2050,"2",19142.4
"AIDSdeathsAdultF",2051,"1",19658.1
"AIDSdeathsAdultF",2051,"2",18854.4
"AIDSdeathsAdultF",2052,"1",19353.4
"AIDSdeathsAdultF",2052,"2",18549
"AIDSdeathsAdultF",2053,"1",19031.5
"AIDSdeathsAdultF",2053,"2",18226.7
"AIDSdeathsAdultF",2054,"1",18692.8
"AIDSdeathsAdultF",2054,"2",17887.9
"AIDSdeathsAdultF",2055,"1",18338.1
"AIDSdeathsAdultF",2055,"2",17533.2
"AIDSdeathsAdultF",2056,"1",17968
"AIDSdeathsAdultF",2056,"2",17163.5
"AIDSdeathsAdultF",2057,"1",17583.4
"AIDSdeathsAdultF",2057,"2",16779.5
"AIDSdeathsAdultF",2058,"1",17185.2
"AIDSdeathsAdultF",2058,"2",16382
"AIDSdeathsAdultF",2059,"1",16774.5
"AIDSdeathsAdultF",2059,"2",15972.3
"AIDSdeathsAdultF",2060,"1",16352.3
"AIDSdeathsAdultF",2060,"2",15551.3
"AIDSdeathsAdultF",2061,"1",15919.8
"AIDSdeathsAdultF",2061,"2",15120.2
"AIDSdeathsAdultF",2062,"1",15478.3
"AIDSdeathsAdultF",2062,"2",14680.5
"AIDSdeathsAdultF",2063,"1",15029.3
"AIDSdeathsAdultF",2063,"2",14233.6
"AIDSdeathsAdultF",2064,"1",14574.4
"AIDSdeathsAdultF",2064,"2",13781
"AIDSdeathsAdultF",2065,"1",14115.1
"AIDSdeathsAdultF",2065,"2",13324.4
"AIDSdeathsAdultF",2066,"1",13653.2
"AIDSdeathsAdultF",2066,"2",12865.6
"AIDSdeathsAdultF",2067,"1",13190.4
"AIDSdeathsAdultF",2067,"2",12406.4
"AIDSdeathsAdultF",2068,"1",12728.5
"AIDSdeathsAdultF",2068,"2",11948.5
"AIDSdeathsAdultF",2069,"1",12269.3
"AIDSdeathsAdultF",2069,"2",11493.7
"AIDSdeathsAdultF",2070,"1",11814.3
"AIDSdeathsAdultF",2070,"2",11043.6
"AIDSdeathsAdultF",2071,"1",11365
"AIDSdeathsAdultF",2071,"2",10599.8
"AIDSdeathsAdultF",2072,"1",10922.7
"AIDSdeathsAdultF",2072,"2",10163.6
"AIDSdeathsAdultF",2073,"1",10488.7
"AIDSdeathsAdultF",2073,"2",9736.29
"AIDSdeathsAdultF",2074,"1",10064.2
"AIDSdeathsAdultF",2074,"2",9319.2
"AIDSdeathsAdultF",2075,"1",9650.18
"AIDSdeathsAdultF",2075,"2",8913.38
"AIDSdeathsAdultF",2076,"1",9247.54
"AIDSdeathsAdultF",2076,"2",8519.75
"AIDSdeathsAdultF",2077,"1",8856.85
"AIDSdeathsAdultF",2077,"2",8138.89
"AIDSdeathsAdultF",2078,"1",8478.56
"AIDSdeathsAdultF",2078,"2",7771.29
"AIDSdeathsAdultF",2079,"1",8112.9
"AIDSdeathsAdultF",2079,"2",7417.15
"AIDSdeathsAdultF",2080,"1",7759.77
"AIDSdeathsAdultF",2080,"2",7076.38
"AIDSdeathsAdultF",2081,"1",7418.86
"AIDSdeathsAdultF",2081,"2",6748.66
"AIDSdeathsAdultF",2082,"1",7089.73
"AIDSdeathsAdultF",2082,"2",6433.55
"AIDSdeathsAdultF",2083,"1",6771.88
"AIDSdeathsAdultF",2083,"2",6130.53
"AIDSdeathsAdultF",2084,"1",6464.82
"AIDSdeathsAdultF",2084,"2",5839.06
"AIDSdeathsAdultF",2085,"1",6168.05
"AIDSdeathsAdultF",2085,"2",5558.64
"AIDSdeathsAdultF",2086,"1",5881.09
"AIDSdeathsAdultF",2086,"2",5288.77
"AIDSdeathsAdultF",2087,"1",5603.52
"AIDSdeathsAdultF",2087,"2",5028.94
"AIDSdeathsAdultF",2088,"1",5334.83
"AIDSdeathsAdultF",2088,"2",4778.6
"AIDSdeathsAdultF",2089,"1",5074.84
"AIDSdeathsAdultF",2089,"2",4537.49
"AIDSdeathsAdultF",2090,"1",4823.34
"AIDSdeathsAdultF",2090,"2",4305.29
"AIDSdeathsAdultF",2091,"1",4580.09
"AIDSdeathsAdultF",2091,"2",4081.68
"AIDSdeathsAdultF",2092,"1",4345.08
"AIDSdeathsAdultF",2092,"2",3866.5
"AIDSdeathsAdultF",2093,"1",4118.22
"AIDSdeathsAdultF",2093,"2",3659.6
"AIDSdeathsAdultF",2094,"1",3899.58
"AIDSdeathsAdultF",2094,"2",3460.91
"AIDSdeathsAdultF",2095,"1",3689.18
"AIDSdeathsAdultF",2095,"2",3270.37
"AIDSdeathsAdultF",2096,"1",3486.97
"AIDSdeathsAdultF",2096,"2",3087.82
"AIDSdeathsAdultF",2097,"1",3293.11
"AIDSdeathsAdultF",2097,"2",2913.37
"AIDSdeathsAdultF",2098,"1",3107.8
"AIDSdeathsAdultF",2098,"2",2747.13
"AIDSdeathsAdultF",2099,"1",2931.2
"AIDSdeathsAdultF",2099,"2",2589.2
"AIDSdeathsAdultF",2100,"1",2763.55
"AIDSdeathsAdultF",2100,"2",2439.75
"TotSexActs",1985,"1",293093000
"TotSexActs",1985,"2",284823000
"TotSexActs",1986,"1",299068000
"TotSexActs",1986,"2",290780000
"TotSexActs",1987,"1",306260000
"TotSexActs",1987,"2",297920000
"TotSexActs",1988,"1",313630000
"TotSexActs",1988,"2",305218000
"TotSexActs",1989,"1",321212000
"TotSexActs",1989,"2",312701000
"TotSexActs",1990,"1",328977000
"TotSexActs",1990,"2",320335000
"TotSexActs",1991,"1",339706000
"TotSexActs",1991,"2",330809000
"TotSexActs",1992,"1",351297000
"TotSexActs",1992,"2",342077000
"TotSexActs",1993,"1",363476000
"TotSexActs",1993,"2",353884000
"TotSexActs",1994,"1",375503000
"TotSexActs",1994,"2",365499000
"TotSexActs",1995,"1",387292000
"TotSexActs",1995,"2",376855000
"TotSexActs",1996,"1",398788000
"TotSexActs",1996,"2",387920000
"TotSexActs",1997,"1",407106000
"TotSexActs",1997,"2",395933000
"TotSexActs",1998,"1",414513000
"TotSexActs",1998,"2",403084000
"TotSexActs",1999,"1",421625000
"TotSexActs",1999,"2",409995000
"TotSexActs",2000,"1",428351000
"TotSexActs",2000,"2",416578000
"TotSexActs",2001,"1",434644000
"TotSexActs",2001,"2",422785000
"TotSexActs",2002,"1",440901000
"TotSexActs",2002,"2",428980000
"TotSexActs",2003,"1",446824000
"TotSexActs",2003,"2",434896000
"TotSexActs",2004,"1",452023000
"TotSexActs",2004,"2",440135000
"TotSexActs",2005,"1",456575000
"TotSexActs",2005,"2",444755000
"TotSexActs",2006,"1",461080000
"TotSexActs",2006,"2",449359000
"TotSexActs",2007,"1",467269000
"TotSexActs",2007,"2",455618000
"TotSexActs",2008,"1",474311000
"TotSexActs",2008,"2",462684000
"TotSexActs",2009,"1",481862000
"TotSexActs",2009,"2",470167000
"TotSexActs",2010,"1",489916000
"TotSexActs",2010,"2",478039000
"TotSexActs",2011,"1",498629000
"TotSexActs",2011,"2",486429000
"TotSexActs",2012,"1",507247000
"TotSexActs",2012,"2",494611000
"TotSexActs",2013,"1",516076000
"TotSexActs",2013,"2",502913000
"TotSexActs",2014,"1",524872000
"TotSexActs",2014,"2",511137000
"TotSexActs",2015,"1",533356000
"TotSexActs",2015,"2",519053000
"TotSexActs",2016,"1",541541000
"TotSexActs",2016,"2",526687000
"TotSexActs",2017,"1",549140000
"TotSexActs",2017,"2",533763000
"TotSexActs",2018,"1",556366000
"TotSexActs",2018,"2",540486000
"TotSexActs",2019,"1",563661000
"TotSexActs",2019,"2",547305000
"TotSexActs",2020,"1",570382000
"TotSexActs",2020,"2",553601000
"TotSexActs",2021,"1",573251000
"TotSexActs",2021,"2",556093000
"TotSexActs",2022,"1",577535000
"TotSexActs",2022,"2",560034000
"TotSexActs",2023,"1",582975000
"TotSexActs",2023,"2",565154000
"TotSexActs",2024,"1",589167000
"TotSexActs",2024,"2",571041000
"TotSexActs",2025,"1",595838000
"TotSexActs",2025,"2",577390000
"TotSexActs",2026,"1",602898000
"TotSexActs",2026,"2",584115000
"TotSexActs",2027,"1",609754000
"TotSexActs",2027,"2",590618000
"TotSexActs",2028,"1",616361000
"TotSexActs",2028,"2",596855000
"TotSexActs",2029,"1",622744000
"TotSexActs",2029,"2",602857000
"TotSexActs",2030,"1",628914000
"TotSexActs",2030,"2",608629000
"TotSexActs",2031,"1",634848000
"TotSexActs",2031,"2",614148000
"TotSexActs",2032,"1",640510000
"TotSexActs",2032,"2",619375000
"TotSexActs",2033,"1",645875000
"TotSexActs",2033,"2",624292000
"TotSexActs",2034,"1",650969000
"TotSexActs",2034,"2",628936000
"TotSexActs",2035,"1",655842000
"TotSexActs",2035,"2",633363000
"TotSexActs",2036,"1",660525000
"TotSexActs",2036,"2",637606000
"TotSexActs",2037,"1",665020000
"TotSexActs",2037,"2",641666000
"TotSexActs",2038,"1",669327000
"TotSexActs",2038,"2",645541000
"TotSexActs",2039,"1",673457000
"TotSexActs",2039,"2",649243000
"TotSexActs",2040,"1",677426000
"TotSexActs",2040,"2",652791000
"TotSexActs",2041,"1",681242000
"TotSexActs",2041,"2",656192000
"TotSexActs",2042,"1",684903000
"TotSexActs",2042,"2",659445000
"TotSexActs",2043,"1",688398000
"TotSexActs",2043,"2",662541000
"TotSexActs",2044,"1",691717000
"TotSexActs",2044,"2",665470000
"TotSexActs",2045,"1",694851000
"TotSexActs",2045,"2",668223000
"TotSexActs",2046,"1",697794000
"TotSexActs",2046,"2",670795000
"TotSexActs",2047,"1",700542000
"TotSexActs",2047,"2",673182000
"TotSexActs",2048,"1",703098000
"TotSexActs",2048,"2",675387000
"TotSexActs",2049,"1",705467000
"TotSexActs",2049,"2",677415000
"TotSexActs",2050,"1",707656000
"TotSexActs",2050,"2",679271000
"TotSexActs",2051,"1",709675000
"TotSexActs",2051,"2",680963000
"TotSexActs",2052,"1",711531000
"TotSexActs",2052,"2",682499000
"TotSexActs",2053,"1",713235000
"TotSexActs",2053,"2",683887000
"TotSexActs",2054,"1",714795000
"TotSexActs",2054,"2",685134000
"TotSexActs",2055,"1",716216000
"TotSexActs",2055,"2",686245000
"TotSexActs",2056,"1",717502000
"TotSexActs",2056,"2",687224000
"TotSexActs",2057,"1",718658000
"TotSexActs",2057,"2",688073000
"TotSexActs",2058,"1",719686000
"TotSexActs",2058,"2",688796000
"TotSexActs",2059,"1",720588000
"TotSexActs",2059,"2",689396000
"TotSexActs",2060,"1",721367000
"TotSexActs",2060,"2",689874000
"TotSexActs",2061,"1",722024000
"TotSexActs",2061,"2",690233000
"TotSexActs",2062,"1",722559000
"TotSexActs",2062,"2",690475000
"TotSexActs",2063,"1",722976000
"TotSexActs",2063,"2",690604000
"TotSexActs",2064,"1",723277000
"TotSexActs",2064,"2",690622000
"TotSexActs",2065,"1",723464000
"TotSexActs",2065,"2",690534000
"TotSexActs",2066,"1",723543000
"TotSexActs",2066,"2",690346000
"TotSexActs",2067,"1",723516000
"TotSexActs",2067,"2",690059000
"TotSexActs",2068,"1",723385000
"TotSexActs",2068,"2",689679000
"TotSexActs",2069,"1",723155000
"TotSexActs",2069,"2",689209000
"TotSexActs",2070,"1",722828000
"TotSexActs",2070,"2",688652000
"TotSexActs",2071,"1",722407000
"TotSexActs",2071,"2",688011000
"TotSexActs",2072,"1",721895000
"TotSexActs",2072,"2",687288000
"TotSexActs",2073,"1",721295000
"TotSexActs",2073,"2",686487000
"TotSexActs",2074,"1",720610000
"TotSexActs",2074,"2",685610000
"TotSexActs",2075,"1",719841000
"TotSexActs",2075,"2",684659000
"TotSexActs",2076,"1",718988000
"TotSexActs",2076,"2",683632000
"TotSexActs",2077,"1",718054000
"TotSexActs",2077,"2",682532000
"TotSexActs",2078,"1",717037000
"TotSexActs",2078,"2",681357000
"TotSexActs",2079,"1",715938000
"TotSexActs",2079,"2",680107000
"TotSexActs",2080,"1",714760000
"TotSexActs",2080,"2",678783000
"TotSexActs",2081,"1",713502000
"TotSexActs",2081,"2",677386000
"TotSexActs",2082,"1",712166000
"TotSexActs",2082,"2",675916000
"TotSexActs",2083,"1",710754000
"TotSexActs",2083,"2",674374000
"TotSexActs",2084,"1",709268000
"TotSexActs",2084,"2",672764000
"TotSexActs",2085,"1",707713000
"TotSexActs",2085,"2",671088000
"TotSexActs",2086,"1",706088000
"TotSexActs",2086,"2",669346000
"TotSexActs",2087,"1",704397000
"TotSexActs",2087,"2",667541000
"TotSexActs",2088,"1",702643000
"TotSexActs",2088,"2",665678000
"TotSexActs",2089,"1",700828000
"TotSexActs",2089,"2",663757000
"TotSexActs",2090,"1",698953000
"TotSexActs",2090,"2",661780000
"TotSexActs",2091,"1",697024000
"TotSexActs",2091,"2",659752000
"TotSexActs",2092,"1",695043000
"TotSexActs",2092,"2",657677000
"TotSexActs",2093,"1",693013000
"TotSexActs",2093,"2",655558000
"TotSexActs",2094,"1",690936000
"TotSexActs",2094,"2",653396000
"TotSexActs",2095,"1",688813000
"TotSexActs",2095,"2",651193000
"TotSexActs",2096,"1",686649000
"TotSexActs",2096,"2",648953000
"TotSexActs",2097,"1",684445000
"TotSexActs",2097,"2",646680000
"TotSexActs",2098,"1",682205000
"TotSexActs",2098,"2",644376000
"TotSexActs",2099,"1",679932000
"TotSexActs",2099,"2",642045000
"TotSexActs",2100,"1",677627000
"TotSexActs",2100,"2",639687000
"SWsexActs",1985,"1",40858100
"SWsexActs",1985,"2",40858100
"SWsexActs",1986,"1",40945800
"SWsexActs",1986,"2",40945700
"SWsexActs",1987,"1",42325900
"SWsexActs",1987,"2",42325200
"SWsexActs",1988,"1",43732000
"SWsexActs",1988,"2",43729500
"SWsexActs",1989,"1",45165800
"SWsexActs",1989,"2",45157800
"SWsexActs",1990,"1",46602800
"SWsexActs",1990,"2",46582700
"SWsexActs",1991,"1",48014900
"SWsexActs",1991,"2",47973700
"SWsexActs",1992,"1",49373100
"SWsexActs",1992,"2",49301400
"SWsexActs",1993,"1",51348000
"SWsexActs",1993,"2",51236900
"SWsexActs",1994,"1",53266100
"SWsexActs",1994,"2",53111000
"SWsexActs",1995,"1",55103100
"SWsexActs",1995,"2",54904500
"SWsexActs",1996,"1",56837000
"SWsexActs",1996,"2",56601900
"SWsexActs",1997,"1",58449400
"SWsexActs",1997,"2",58190900
"SWsexActs",1998,"1",59286100
"SWsexActs",1998,"2",59024900
"SWsexActs",1999,"1",59949900
"SWsexActs",1999,"2",59708000
"SWsexActs",2000,"1",60458200
"SWsexActs",2000,"2",60258600
"SWsexActs",2001,"1",60833700
"SWsexActs",2001,"2",60698500
"SWsexActs",2002,"1",61125800
"SWsexActs",2002,"2",61075300
"SWsexActs",2003,"1",61646100
"SWsexActs",2003,"2",61696900
"SWsexActs",2004,"1",62110500
"SWsexActs",2004,"2",62275700
"SWsexActs",2005,"1",62559500
"SWsexActs",2005,"2",62844900
"SWsexActs",2006,"1",63154700
"SWsexActs",2006,"2",63565800
"SWsexActs",2007,"1",63945400
"SWsexActs",2007,"2",64484900
"SWsexActs",2008,"1",65300400
"SWsexActs",2008,"2",65967700
"SWsexActs",2009,"1",67011200
"SWsexActs",2009,"2",67796000
"SWsexActs",2010,"1",69142100
"SWsexActs",2010,"2",70030100
"SWsexActs",2011,"1",71823100
"SWsexActs",2011,"2",72783700
"SWsexActs",2012,"1",75067100
"SWsexActs",2012,"2",76054900
"SWsexActs",2013,"1",78589500
"SWsexActs",2013,"2",79566000
"SWsexActs",2014,"1",82315800
"SWsexActs",2014,"2",83259300
"SWsexActs",2015,"1",86087800
"SWsexActs",2015,"2",87000900
"SWsexActs",2016,"1",89951000
"SWsexActs",2016,"2",90828200
"SWsexActs",2017,"1",93986700
"SWsexActs",2017,"2",94816700
"SWsexActs",2018,"1",97931000
"SWsexActs",2018,"2",98694800
"SWsexActs",2019,"1",101830000
"SWsexActs",2019,"2",102517000
"SWsexActs",2020,"1",105701000
"SWsexActs",2020,"2",106308000
"SWsexActs",2021,"1",109240000
"SWsexActs",2021,"2",109757000
"SWsexActs",2022,"1",112286000
"SWsexActs",2022,"2",112744000
"SWsexActs",2023,"1",115218000
"SWsexActs",2023,"2",115619000
"SWsexActs",2024,"1",118089000
"SWsexActs",2024,"2",118437000
"SWsexActs",2025,"1",120764000
"SWsexActs",2025,"2",121049000
"SWsexActs",2026,"1",123281000
"SWsexActs",2026,"2",123511000
"SWsexActs",2027,"1",125658000
"SWsexActs",2027,"2",125842000
"SWsexActs",2028,"1",127855000
"SWsexActs",2028,"2",128001000
"SWsexActs",2029,"1",129902000
"SWsexActs",2029,"2",130019000
"SWsexActs",2030,"1",131835000
"SWsexActs",2030,"2",131931000
"SWsexActs",2031,"1",133693000
"SWsexActs",2031,"2",133774000
"SWsexActs",2032,"1",135513000
"SWsexActs",2032,"2",135585000
"SWsexActs",2033,"1",137329000
"SWsexActs",2033,"2",137396000
"SWsexActs",2034,"1",139171000
"SWsexActs",2034,"2",139237000
"SWsexActs",2035,"1",141061000
"SWsexActs",2035,"2",141130000
"SWsexActs",2036,"1",143018000
"SWsexActs",2036,"2",143093000
"SWsexActs",2037,"1",145047000
"SWsexActs",2037,"2",145128000
"SWsexActs",2038,"1",147146000
"SWsexActs",2038,"2",147235000
"SWsexActs",2039,"1",149309000
"SWsexActs",2039,"2",149406000
"SWsexActs",2040,"1",151523000
"SWsexActs",2040,"2",151628000
"SWsexActs",2041,"1",153772000
"SWsexActs",2041,"2",153884000
"SWsexActs",2042,"1",156037000
"SWsexActs",2042,"2",156155000
"SWsexActs",2043,"1",158297000
"SWsexActs",2043,"2",158418000
"SWsexActs",2044,"1",160529000
"SWsexActs",2044,"2",160653000
"SWsexActs",2045,"1",162713000
"SWsexActs",2045,"2",162837000
"SWsexActs",2046,"1",164831000
"SWsexActs",2046,"2",164953000
"SWsexActs",2047,"1",166867000
"SWsexActs",2047,"2",166984000
"SWsexActs",2048,"1",168810000
"SWsexActs",2048,"2",168920000
"SWsexActs",2049,"1",170650000
"SWsexActs",2049,"2",170750000
"SWsexActs",2050,"1",172384000
"SWsexActs",2050,"2",172470000
"SWsexActs",2051,"1",174008000
"SWsexActs",2051,"2",174079000
"SWsexActs",2052,"1",175526000
"SWsexActs",2052,"2",175578000
"SWsexActs",2053,"1",176941000
"SWsexActs",2053,"2",176972000
"SWsexActs",2054,"1",178260000
"SWsexActs",2054,"2",178267000
"SWsexActs",2055,"1",179491000
"SWsexActs",2055,"2",179473000
"SWsexActs",2056,"1",180643000
"SWsexActs",2056,"2",180599000
"SWsexActs",2057,"1",181727000
"SWsexActs",2057,"2",181656000
"SWsexActs",2058,"1",182754000
"SWsexActs",2058,"2",182655000
"SWsexActs",2059,"1",183734000
"SWsexActs",2059,"2",183607000
"SWsexActs",2060,"1",184676000
"SWsexActs",2060,"2",184524000
"SWsexActs",2061,"1",185591000
"SWsexActs",2061,"2",185414000
"SWsexActs",2062,"1",186486000
"SWsexActs",2062,"2",186286000
"SWsexActs",2063,"1",187369000
"SWsexActs",2063,"2",187148000
"SWsexActs",2064,"1",188244000
"SWsexActs",2064,"2",188004000
"SWsexActs",2065,"1",189116000
"SWsexActs",2065,"2",188859000
"SWsexActs",2066,"1",189986000
"SWsexActs",2066,"2",189715000
"SWsexActs",2067,"1",190855000
"SWsexActs",2067,"2",190572000
"SWsexActs",2068,"1",191721000
"SWsexActs",2068,"2",191429000
"SWsexActs",2069,"1",192582000
"SWsexActs",2069,"2",192283000
"SWsexActs",2070,"1",193434000
"SWsexActs",2070,"2",193130000
"SWsexActs",2071,"1",194272000
"SWsexActs",2071,"2",193965000
"SWsexActs",2072,"1",195091000
"SWsexActs",2072,"2",194783000
"SWsexActs",2073,"1",195885000
"SWsexActs",2073,"2",195577000
"SWsexActs",2074,"1",196649000
"SWsexActs",2074,"2",196343000
"SWsexActs",2075,"1",197376000
"SWsexActs",2075,"2",197073000
"SWsexActs",2076,"1",198062000
"SWsexActs",2076,"2",197763000
"SWsexActs",2077,"1",198702000
"SWsexActs",2077,"2",198409000
"SWsexActs",2078,"1",199294000
"SWsexActs",2078,"2",199007000
"SWsexActs",2079,"1",199835000
"SWsexActs",2079,"2",199555000
"SWsexActs",2080,"1",200324000
"SWsexActs",2080,"2",200051000
"SWsexActs",2081,"1",200761000
"SWsexActs",2081,"2",200496000
"SWsexActs",2082,"1",201147000
"SWsexActs",2082,"2",200890000
"SWsexActs",2083,"1",201484000
"SWsexActs",2083,"2",201235000
"SWsexActs",2084,"1",201775000
"SWsexActs",2084,"2",201535000
"SWsexActs",2085,"1",202023000
"SWsexActs",2085,"2",201792000
"SWsexActs",2086,"1",202233000
"SWsexActs",2086,"2",202010000
"SWsexActs",2087,"1",202408000
"SWsexActs",2087,"2",202194000
"SWsexActs",2088,"1",202552000
"SWsexActs",2088,"2",202348000
"SWsexActs",2089,"1",202671000
"SWsexActs",2089,"2",202475000
"SWsexActs",2090,"1",202768000
"SWsexActs",2090,"2",202581000
"SWsexActs",2091,"1",202847000
"SWsexActs",2091,"2",202669000
"SWsexActs",2092,"1",202910000
"SWsexActs",2092,"2",202742000
"SWsexActs",2093,"1",202961000
"SWsexActs",2093,"2",202803000
"SWsexActs",2094,"1",203002000
"SWsexActs",2094,"2",202853000
"SWsexActs",2095,"1",203033000
"SWsexActs",2095,"2",202894000
"SWsexActs",2096,"1",203056000
"SWsexActs",2096,"2",202927000
"SWsexActs",2097,"1",203071000
"SWsexActs",2097,"2",202951000
"SWsexActs",2098,"1",203076000
"SWsexActs",2098,"2",202966000
"SWsexActs",2099,"1",203071000
"SWsexActs",2099,"2",202972000
"SWsexActs",2100,"1",203055000
"SWsexActs",2100,"2",202966000
"TotProtSexActs",1985,"1",8780310
"TotProtSexActs",1985,"2",8472890
"TotProtSexActs",1986,"1",8870820
"TotProtSexActs",1986,"2",8556680
"TotProtSexActs",1987,"1",9147680
"TotProtSexActs",1987,"2",8822320
"TotProtSexActs",1988,"1",9433240
"TotProtSexActs",1988,"2",9096510
"TotProtSexActs",1989,"1",9737430
"TotProtSexActs",1989,"2",9388360
"TotProtSexActs",1990,"1",10083500
"TotProtSexActs",1990,"2",9719610
"TotProtSexActs",1991,"1",10564000
"TotProtSexActs",1991,"2",10178000
"TotProtSexActs",1992,"1",11274400
"TotProtSexActs",1992,"2",10855800
"TotProtSexActs",1993,"1",12522900
"TotProtSexActs",1993,"2",12050900
"TotProtSexActs",1994,"1",14550000
"TotProtSexActs",1994,"2",13993600
"TotProtSexActs",1995,"1",17815400
"TotProtSexActs",1995,"2",17126200
"TotProtSexActs",1996,"1",22847500
"TotProtSexActs",1996,"2",21957600
"TotProtSexActs",1997,"1",30021300
"TotProtSexActs",1997,"2",28853900
"TotProtSexActs",1998,"1",39361300
"TotProtSexActs",1998,"2",37833900
"TotProtSexActs",1999,"1",50879600
"TotProtSexActs",1999,"2",48907700
"TotProtSexActs",2000,"1",64086800
"TotProtSexActs",2000,"2",61597000
"TotProtSexActs",2001,"1",78181400
"TotProtSexActs",2001,"2",75124000
"TotProtSexActs",2002,"1",92119500
"TotProtSexActs",2002,"2",88482400
"TotProtSexActs",2003,"1",104816000
"TotProtSexActs",2003,"2",100653000
"TotProtSexActs",2004,"1",114922000
"TotProtSexActs",2004,"2",110354000
"TotProtSexActs",2005,"1",121903000
"TotProtSexActs",2005,"2",117082000
"TotProtSexActs",2006,"1",126255000
"TotProtSexActs",2006,"2",121319000
"TotProtSexActs",2007,"1",129307000
"TotProtSexActs",2007,"2",124322000
"TotProtSexActs",2008,"1",131968000
"TotProtSexActs",2008,"2",126961000
"TotProtSexActs",2009,"1",134616000
"TotProtSexActs",2009,"2",129573000
"TotProtSexActs",2010,"1",137516000
"TotProtSexActs",2010,"2",132407000
"TotProtSexActs",2011,"1",140836000
"TotProtSexActs",2011,"2",135615000
"TotProtSexActs",2012,"1",144415000
"TotProtSexActs",2012,"2",139042000
"TotProtSexActs",2013,"1",148205000
"TotProtSexActs",2013,"2",142641000
"TotProtSexActs",2014,"1",152128000
"TotProtSexActs",2014,"2",146353000
"TotProtSexActs",2015,"1",156052000
"TotProtSexActs",2015,"2",150071000
"TotProtSexActs",2016,"1",160028000
"TotProtSexActs",2016,"2",153844000
"TotProtSexActs",2017,"1",164037000
"TotProtSexActs",2017,"2",157654000
"TotProtSexActs",2018,"1",167961000
"TotProtSexActs",2018,"2",161377000
"TotProtSexActs",2019,"1",171898000
"TotProtSexActs",2019,"2",165118000
"TotProtSexActs",2020,"1",175725000
"TotProtSexActs",2020,"2",168769000
"TotProtSexActs",2021,"1",178834000
"TotProtSexActs",2021,"2",171734000
"TotProtSexActs",2022,"1",181870000
"TotProtSexActs",2022,"2",174650000
"TotProtSexActs",2023,"1",185017000
"TotProtSexActs",2023,"2",177678000
"TotProtSexActs",2024,"1",188239000
"TotProtSexActs",2024,"2",180781000
"TotProtSexActs",2025,"1",191397000
"TotProtSexActs",2025,"2",183802000
"TotProtSexActs",2026,"1",194480000
"TotProtSexActs",2026,"2",186744000
"TotProtSexActs",2027,"1",197449000
"TotProtSexActs",2027,"2",189570000
"TotProtSexActs",2028,"1",200269000
"TotProtSexActs",2028,"2",192246000
"TotProtSexActs",2029,"1",202960000
"TotProtSexActs",2029,"2",194795000
"TotProtSexActs",2030,"1",205543000
"TotProtSexActs",2030,"2",197234000
"TotProtSexActs",2031,"1",208023000
"TotProtSexActs",2031,"2",199570000
"TotProtSexActs",2032,"1",210404000
"TotProtSexActs",2032,"2",201805000
"TotProtSexActs",2033,"1",212695000
"TotProtSexActs",2033,"2",203950000
"TotProtSexActs",2034,"1",214922000
"TotProtSexActs",2034,"2",206036000
"TotProtSexActs",2035,"1",217119000
"TotProtSexActs",2035,"2",208097000
"TotProtSexActs",2036,"1",219307000
"TotProtSexActs",2036,"2",210155000
"TotProtSexActs",2037,"1",221489000
"TotProtSexActs",2037,"2",212211000
"TotProtSexActs",2038,"1",223667000
"TotProtSexActs",2038,"2",214265000
"TotProtSexActs",2039,"1",225843000
"TotProtSexActs",2039,"2",216320000
"TotProtSexActs",2040,"1",228017000
"TotProtSexActs",2040,"2",218377000
"TotProtSexActs",2041,"1",230186000
"TotProtSexActs",2041,"2",220431000
"TotProtSexActs",2042,"1",232340000
"TotProtSexActs",2042,"2",222473000
"TotProtSexActs",2043,"1",234463000
"TotProtSexActs",2043,"2",224487000
"TotProtSexActs",2044,"1",236542000
"TotProtSexActs",2044,"2",226459000
"TotProtSexActs",2045,"1",238564000
"TotProtSexActs",2045,"2",228378000
"TotProtSexActs",2046,"1",240517000
"TotProtSexActs",2046,"2",230230000
"TotProtSexActs",2047,"1",242391000
"TotProtSexActs",2047,"2",232007000
"TotProtSexActs",2048,"1",244182000
"TotProtSexActs",2048,"2",233703000
"TotProtSexActs",2049,"1",245886000
"TotProtSexActs",2049,"2",235314000
"TotProtSexActs",2050,"1",247503000
"TotProtSexActs",2050,"2",236839000
"TotProtSexActs",2051,"1",249033000
"TotProtSexActs",2051,"2",238279000
"TotProtSexActs",2052,"1",250479000
"TotProtSexActs",2052,"2",239636000
"TotProtSexActs",2053,"1",251846000
"TotProtSexActs",2053,"2",240913000
"TotProtSexActs",2054,"1",253138000
"TotProtSexActs",2054,"2",242116000
"TotProtSexActs",2055,"1",254360000
"TotProtSexActs",2055,"2",243247000
"TotProtSexActs",2056,"1",255515000
"TotProtSexActs",2056,"2",244313000
"TotProtSexActs",2057,"1",256610000
"TotProtSexActs",2057,"2",245318000
"TotProtSexActs",2058,"1",257648000
"TotProtSexActs",2058,"2",246267000
"TotProtSexActs",2059,"1",258635000
"TotProtSexActs",2059,"2",247165000
"TotProtSexActs",2060,"1",259574000
"TotProtSexActs",2060,"2",248017000
"TotProtSexActs",2061,"1",260471000
"TotProtSexActs",2061,"2",248828000
"TotProtSexActs",2062,"1",261328000
"TotProtSexActs",2062,"2",249602000
"TotProtSexActs",2063,"1",262149000
"TotProtSexActs",2063,"2",250342000
"TotProtSexActs",2064,"1",262938000
"TotProtSexActs",2064,"2",251053000
"TotProtSexActs",2065,"1",263696000
"TotProtSexActs",2065,"2",251738000
"TotProtSexActs",2066,"1",264425000
"TotProtSexActs",2066,"2",252398000
"TotProtSexActs",2067,"1",265127000
"TotProtSexActs",2067,"2",253036000
"TotProtSexActs",2068,"1",265803000
"TotProtSexActs",2068,"2",253651000
"TotProtSexActs",2069,"1",266451000
"TotProtSexActs",2069,"2",254243000
"TotProtSexActs",2070,"1",267071000
"TotProtSexActs",2070,"2",254812000
"TotProtSexActs",2071,"1",267662000
"TotProtSexActs",2071,"2",255356000
"TotProtSexActs",2072,"1",268221000
"TotProtSexActs",2072,"2",255872000
"TotProtSexActs",2073,"1",268748000
"TotProtSexActs",2073,"2",256360000
"TotProtSexActs",2074,"1",269238000
"TotProtSexActs",2074,"2",256816000
"TotProtSexActs",2075,"1",269691000
"TotProtSexActs",2075,"2",257238000
"TotProtSexActs",2076,"1",270104000
"TotProtSexActs",2076,"2",257624000
"TotProtSexActs",2077,"1",270476000
"TotProtSexActs",2077,"2",257971000
"TotProtSexActs",2078,"1",270805000
"TotProtSexActs",2078,"2",258278000
"TotProtSexActs",2079,"1",271090000
"TotProtSexActs",2079,"2",258544000
"TotProtSexActs",2080,"1",271331000
"TotProtSexActs",2080,"2",258768000
"TotProtSexActs",2081,"1",271528000
"TotProtSexActs",2081,"2",258950000
"TotProtSexActs",2082,"1",271682000
"TotProtSexActs",2082,"2",259091000
"TotProtSexActs",2083,"1",271794000
"TotProtSexActs",2083,"2",259192000
"TotProtSexActs",2084,"1",271867000
"TotProtSexActs",2084,"2",259253000
"TotProtSexActs",2085,"1",271901000
"TotProtSexActs",2085,"2",259279000
"TotProtSexActs",2086,"1",271900000
"TotProtSexActs",2086,"2",259269000
"TotProtSexActs",2087,"1",271865000
"TotProtSexActs",2087,"2",259227000
"TotProtSexActs",2088,"1",271800000
"TotProtSexActs",2088,"2",259156000
"TotProtSexActs",2089,"1",271706000
"TotProtSexActs",2089,"2",259057000
"TotProtSexActs",2090,"1",271586000
"TotProtSexActs",2090,"2",258932000
"TotProtSexActs",2091,"1",271443000
"TotProtSexActs",2091,"2",258785000
"TotProtSexActs",2092,"1",271277000
"TotProtSexActs",2092,"2",258616000
"TotProtSexActs",2093,"1",271090000
"TotProtSexActs",2093,"2",258429000
"TotProtSexActs",2094,"1",270884000
"TotProtSexActs",2094,"2",258223000
"TotProtSexActs",2095,"1",270660000
"TotProtSexActs",2095,"2",2.58e+08
"TotProtSexActs",2096,"1",270419000
"TotProtSexActs",2096,"2",257762000
"TotProtSexActs",2097,"1",270161000
"TotProtSexActs",2097,"2",257508000
"TotProtSexActs",2098,"1",269886000
"TotProtSexActs",2098,"2",257239000
"TotProtSexActs",2099,"1",269593000
"TotProtSexActs",2099,"2",256954000
"TotProtSexActs",2100,"1",269284000
"TotProtSexActs",2100,"2",256654000
"SWsexActsProt",1985,"1",5958980
"SWsexActsProt",1985,"2",5814100
"SWsexActsProt",1986,"1",5971780
"SWsexActsProt",1986,"2",5826570
"SWsexActsProt",1987,"1",6173190
"SWsexActsProt",1987,"2",6023000
"SWsexActsProt",1988,"1",6379860
"SWsexActsProt",1988,"2",6224390
"SWsexActsProt",1989,"1",6598050
"SWsexActsProt",1989,"2",6436520
"SWsexActsProt",1990,"1",6841820
"SWsexActsProt",1990,"2",6672750
"SWsexActsProt",1991,"1",7147540
"SWsexActsProt",1991,"2",6968290
"SWsexActsProt",1992,"1",7589180
"SWsexActsProt",1992,"2",7395330
"SWsexActsProt",1993,"1",8408640
"SWsexActsProt",1993,"2",8190040
"SWsexActsProt",1994,"1",9715210
"SWsexActsProt",1994,"2",9459810
"SWsexActsProt",1995,"1",11770400
"SWsexActsProt",1995,"2",11461700
"SWsexActsProt",1996,"1",14827200
"SWsexActsProt",1996,"2",14447300
"SWsexActsProt",1997,"1",19010500
"SWsexActsProt",1997,"2",18547300
"SWsexActsProt",1998,"1",23933700
"SWsexActsProt",1998,"2",23395800
"SWsexActsProt",1999,"1",29319900
"SWsexActsProt",1999,"2",28731600
"SWsexActsProt",2000,"1",34603900
"SWsexActsProt",2000,"2",34004100
"SWsexActsProt",2001,"1",39286600
"SWsexActsProt",2001,"2",38717200
"SWsexActsProt",2002,"1",43082700
"SWsexActsProt",2002,"2",42579700
"SWsexActsProt",2003,"1",46119500
"SWsexActsProt",2003,"2",45705200
"SWsexActsProt",2004,"1",48252200
"SWsexActsProt",2004,"2",47940500
"SWsexActsProt",2005,"1",49651500
"SWsexActsProt",2005,"2",49444900
"SWsexActsProt",2006,"1",50645700
"SWsexActsProt",2006,"2",50543000
"SWsexActsProt",2007,"1",51486500
"SWsexActsProt",2007,"2",51484600
"SWsexActsProt",2008,"1",52639800
"SWsexActsProt",2008,"2",52732100
"SWsexActsProt",2009,"1",54034300
"SWsexActsProt",2009,"2",54209400
"SWsexActsProt",2010,"1",55759700
"SWsexActsProt",2010,"2",56003000
"SWsexActsProt",2011,"1",57930800
"SWsexActsProt",2011,"2",58214300
"SWsexActsProt",2012,"1",60561300
"SWsexActsProt",2012,"2",60845100
"SWsexActsProt",2013,"1",63424700
"SWsexActsProt",2013,"2",63676100
"SWsexActsProt",2014,"1",66463900
"SWsexActsProt",2014,"2",66664500
"SWsexActsProt",2015,"1",69554400
"SWsexActsProt",2015,"2",69706300
"SWsexActsProt",2016,"1",72735200
"SWsexActsProt",2016,"2",72833500
"SWsexActsProt",2017,"1",76071600
"SWsexActsProt",2017,"2",76106400
"SWsexActsProt",2018,"1",79344800
"SWsexActsProt",2018,"2",79301600
"SWsexActsProt",2019,"1",82581500
"SWsexActsProt",2019,"2",82452300
"SWsexActsProt",2020,"1",85783100
"SWsexActsProt",2020,"2",85564300
"SWsexActsProt",2021,"1",88694800
"SWsexActsProt",2021,"2",88380900
"SWsexActsProt",2022,"1",91186400
"SWsexActsProt",2022,"2",90804500
"SWsexActsProt",2023,"1",93572400
"SWsexActsProt",2023,"2",93125300
"SWsexActsProt",2024,"1",95905200
"SWsexActsProt",2024,"2",95396100
"SWsexActsProt",2025,"1",98078100
"SWsexActsProt",2025,"2",97500200
"SWsexActsProt",2026,"1",100122000
"SWsexActsProt",2026,"2",99483200
"SWsexActsProt",2027,"1",102053000
"SWsexActsProt",2027,"2",101361000
"SWsexActsProt",2028,"1",103837000
"SWsexActsProt",2028,"2",103100000
"SWsexActsProt",2029,"1",105499000
"SWsexActsProt",2029,"2",104725000
"SWsexActsProt",2030,"1",107070000
"SWsexActsProt",2030,"2",106265000
"SWsexActsProt",2031,"1",108579000
"SWsexActsProt",2031,"2",107750000
"SWsexActsProt",2032,"1",110057000
"SWsexActsProt",2032,"2",109208000
"SWsexActsProt",2033,"1",111531000
"SWsexActsProt",2033,"2",110667000
"SWsexActsProt",2034,"1",113027000
"SWsexActsProt",2034,"2",112150000
"SWsexActsProt",2035,"1",114562000
"SWsexActsProt",2035,"2",113675000
"SWsexActsProt",2036,"1",116152000
"SWsexActsProt",2036,"2",115256000
"SWsexActsProt",2037,"1",117799000
"SWsexActsProt",2037,"2",116895000
"SWsexActsProt",2038,"1",119504000
"SWsexActsProt",2038,"2",118592000
"SWsexActsProt",2039,"1",121261000
"SWsexActsProt",2039,"2",120341000
"SWsexActsProt",2040,"1",123059000
"SWsexActsProt",2040,"2",122131000
"SWsexActsProt",2041,"1",124886000
"SWsexActsProt",2041,"2",123948000
"SWsexActsProt",2042,"1",126725000
"SWsexActsProt",2042,"2",125777000
"SWsexActsProt",2043,"1",128560000
"SWsexActsProt",2043,"2",127600000
"SWsexActsProt",2044,"1",130373000
"SWsexActsProt",2044,"2",129399000
"SWsexActsProt",2045,"1",132147000
"SWsexActsProt",2045,"2",131159000
"SWsexActsProt",2046,"1",133867000
"SWsexActsProt",2046,"2",132863000
"SWsexActsProt",2047,"1",135520000
"SWsexActsProt",2047,"2",134499000
"SWsexActsProt",2048,"1",137098000
"SWsexActsProt",2048,"2",136058000
"SWsexActsProt",2049,"1",138593000
"SWsexActsProt",2049,"2",137532000
"SWsexActsProt",2050,"1",140001000
"SWsexActsProt",2050,"2",138918000
"SWsexActsProt",2051,"1",141320000
"SWsexActsProt",2051,"2",140214000
"SWsexActsProt",2052,"1",142553000
"SWsexActsProt",2052,"2",141421000
"SWsexActsProt",2053,"1",143702000
"SWsexActsProt",2053,"2",142544000
"SWsexActsProt",2054,"1",144773000
"SWsexActsProt",2054,"2",143587000
"SWsexActsProt",2055,"1",145773000
"SWsexActsProt",2055,"2",144558000
"SWsexActsProt",2056,"1",146709000
"SWsexActsProt",2056,"2",145465000
"SWsexActsProt",2057,"1",147589000
"SWsexActsProt",2057,"2",146317000
"SWsexActsProt",2058,"1",148423000
"SWsexActsProt",2058,"2",147121000
"SWsexActsProt",2059,"1",149219000
"SWsexActsProt",2059,"2",147889000
"SWsexActsProt",2060,"1",149984000
"SWsexActsProt",2060,"2",148627000
"SWsexActsProt",2061,"1",150727000
"SWsexActsProt",2061,"2",149344000
"SWsexActsProt",2062,"1",151454000
"SWsexActsProt",2062,"2",150046000
"SWsexActsProt",2063,"1",152171000
"SWsexActsProt",2063,"2",150740000
"SWsexActsProt",2064,"1",152882000
"SWsexActsProt",2064,"2",151430000
"SWsexActsProt",2065,"1",153590000
"SWsexActsProt",2065,"2",152119000
"SWsexActsProt",2066,"1",154297000
"SWsexActsProt",2066,"2",152808000
"SWsexActsProt",2067,"1",155002000
"SWsexActsProt",2067,"2",153498000
"SWsexActsProt",2068,"1",155706000
"SWsexActsProt",2068,"2",154189000
"SWsexActsProt",2069,"1",156405000
"SWsexActsProt",2069,"2",154876000
"SWsexActsProt",2070,"1",157097000
"SWsexActsProt",2070,"2",155559000
"SWsexActsProt",2071,"1",157778000
"SWsexActsProt",2071,"2",156231000
"SWsexActsProt",2072,"1",158443000
"SWsexActsProt",2072,"2",156890000
"SWsexActsProt",2073,"1",159088000
"SWsexActsProt",2073,"2",157530000
"SWsexActsProt",2074,"1",159708000
"SWsexActsProt",2074,"2",158146000
"SWsexActsProt",2075,"1",160298000
"SWsexActsProt",2075,"2",158735000
"SWsexActsProt",2076,"1",160855000
"SWsexActsProt",2076,"2",159290000
"SWsexActsProt",2077,"1",161375000
"SWsexActsProt",2077,"2",159811000
"SWsexActsProt",2078,"1",161856000
"SWsexActsProt",2078,"2",160292000
"SWsexActsProt",2079,"1",162295000
"SWsexActsProt",2079,"2",160733000
"SWsexActsProt",2080,"1",162692000
"SWsexActsProt",2080,"2",161133000
"SWsexActsProt",2081,"1",163047000
"SWsexActsProt",2081,"2",161491000
"SWsexActsProt",2082,"1",163361000
"SWsexActsProt",2082,"2",161809000
"SWsexActsProt",2083,"1",163635000
"SWsexActsProt",2083,"2",162087000
"SWsexActsProt",2084,"1",163871000
"SWsexActsProt",2084,"2",162328000
"SWsexActsProt",2085,"1",164072000
"SWsexActsProt",2085,"2",162535000
"SWsexActsProt",2086,"1",164243000
"SWsexActsProt",2086,"2",162711000
"SWsexActsProt",2087,"1",164385000
"SWsexActsProt",2087,"2",162859000
"SWsexActsProt",2088,"1",164502000
"SWsexActsProt",2088,"2",162983000
"SWsexActsProt",2089,"1",164599000
"SWsexActsProt",2089,"2",163086000
"SWsexActsProt",2090,"1",164677000
"SWsexActsProt",2090,"2",163171000
"SWsexActsProt",2091,"1",164741000
"SWsexActsProt",2091,"2",163242000
"SWsexActsProt",2092,"1",164793000
"SWsexActsProt",2092,"2",163301000
"SWsexActsProt",2093,"1",164834000
"SWsexActsProt",2093,"2",163350000
"SWsexActsProt",2094,"1",164867000
"SWsexActsProt",2094,"2",163390000
"SWsexActsProt",2095,"1",164893000
"SWsexActsProt",2095,"2",163423000
"SWsexActsProt",2096,"1",164911000
"SWsexActsProt",2096,"2",163449000
"SWsexActsProt",2097,"1",164923000
"SWsexActsProt",2097,"2",163469000
"SWsexActsProt",2098,"1",164927000
"SWsexActsProt",2098,"2",163482000
"SWsexActsProt",2099,"1",164923000
"SWsexActsProt",2099,"2",163486000
"SWsexActsProt",2100,"1",164910000
"SWsexActsProt",2100,"2",163481000
"ARTcoverageAdult",1985,"1",0
"ARTcoverageAdult",1985,"2",0
"ARTcoverageAdult",1986,"1",0
"ARTcoverageAdult",1986,"2",0
"ARTcoverageAdult",1987,"1",0
"ARTcoverageAdult",1987,"2",0
"ARTcoverageAdult",1988,"1",0
"ARTcoverageAdult",1988,"2",0
"ARTcoverageAdult",1989,"1",0
"ARTcoverageAdult",1989,"2",0
"ARTcoverageAdult",1990,"1",0
"ARTcoverageAdult",1990,"2",0
"ARTcoverageAdult",1991,"1",0
"ARTcoverageAdult",1991,"2",0
"ARTcoverageAdult",1992,"1",0
"ARTcoverageAdult",1992,"2",0
"ARTcoverageAdult",1993,"1",0
"ARTcoverageAdult",1993,"2",0
"ARTcoverageAdult",1994,"1",0
"ARTcoverageAdult",1994,"2",0
"ARTcoverageAdult",1995,"1",0
"ARTcoverageAdult",1995,"2",0
"ARTcoverageAdult",1996,"1",0
"ARTcoverageAdult",1996,"2",0
"ARTcoverageAdult",1997,"1",0
"ARTcoverageAdult",1997,"2",0
"ARTcoverageAdult",1998,"1",0
"ARTcoverageAdult",1998,"2",0
"ARTcoverageAdult",1999,"1",0
"ARTcoverageAdult",1999,"2",0
"ARTcoverageAdult",2000,"1",0
"ARTcoverageAdult",2000,"2",0
"ARTcoverageAdult",2001,"1",0.0017595
"ARTcoverageAdult",2001,"2",0.00171962
"ARTcoverageAdult",2002,"1",0.00347531
"ARTcoverageAdult",2002,"2",0.00340422
"ARTcoverageAdult",2003,"1",0.00536257
"ARTcoverageAdult",2003,"2",0.00525917
"ARTcoverageAdult",2004,"1",0.00754181
"ARTcoverageAdult",2004,"2",0.00739891
"ARTcoverageAdult",2005,"1",0.0204751
"ARTcoverageAdult",2005,"2",0.0200881
"ARTcoverageAdult",2006,"1",0.0396123
"ARTcoverageAdult",2006,"2",0.0388449
"ARTcoverageAdult",2007,"1",0.0672514
"ARTcoverageAdult",2007,"2",0.0659143
"ARTcoverageAdult",2008,"1",0.103205
"ARTcoverageAdult",2008,"2",0.101072
"ARTcoverageAdult",2009,"1",0.144334
"ARTcoverageAdult",2009,"2",0.141176
"ARTcoverageAdult",2010,"1",0.198945
"ARTcoverageAdult",2010,"2",0.194385
"ARTcoverageAdult",2011,"1",0.265142
"ARTcoverageAdult",2011,"2",0.258753
"ARTcoverageAdult",2012,"1",0.344236
"ARTcoverageAdult",2012,"2",0.335786
"ARTcoverageAdult",2013,"1",0.408815
"ARTcoverageAdult",2013,"2",0.398709
"ARTcoverageAdult",2014,"1",0.455185
"ARTcoverageAdult",2014,"2",0.443439
"ARTcoverageAdult",2015,"1",0.5032
"ARTcoverageAdult",2015,"2",0.490716
"ARTcoverageAdult",2016,"1",0.550564
"ARTcoverageAdult",2016,"2",0.537649
"ARTcoverageAdult",2017,"1",0.613881
"ARTcoverageAdult",2017,"2",0.600256
"ARTcoverageAdult",2018,"1",0.657442
"ARTcoverageAdult",2018,"2",0.642537
"ARTcoverageAdult",2019,"1",0.690928
"ARTcoverageAdult",2019,"2",0.674285
"ARTcoverageAdult",2020,"1",0.716576
"ARTcoverageAdult",2020,"2",0.697881
"ARTcoverageAdult",2021,"1",0.716883
"ARTcoverageAdult",2021,"2",0.696799
"ARTcoverageAdult",2022,"1",0.727178
"ARTcoverageAdult",2022,"2",0.710357
"ARTcoverageAdult",2023,"1",0.734936
"ARTcoverageAdult",2023,"2",0.722456
"ARTcoverageAdult",2024,"1",0.740581
"ARTcoverageAdult",2024,"2",0.733572
"ARTcoverageAdult",2025,"1",0.745864
"ARTcoverageAdult",2025,"2",0.739697
"ARTcoverageAdult",2026,"1",0.750019
"ARTcoverageAdult",2026,"2",0.744425
"ARTcoverageAdult",2027,"1",0.753355
"ARTcoverageAdult",2027,"2",0.7482
"ARTcoverageAdult",2028,"1",0.756122
"ARTcoverageAdult",2028,"2",0.751329
"ARTcoverageAdult",2029,"1",0.758513
"ARTcoverageAdult",2029,"2",0.754024
"ARTcoverageAdult",2030,"1",0.760654
"ARTcoverageAdult",2030,"2",0.756424
"ARTcoverageAdult",2031,"1",0.762623
"ARTcoverageAdult",2031,"2",0.758617
"ARTcoverageAdult",2032,"1",0.764468
"ARTcoverageAdult",2032,"2",0.760662
"ARTcoverageAdult",2033,"1",0.766217
"ARTcoverageAdult",2033,"2",0.762593
"ARTcoverageAdult",2034,"1",0.767889
"ARTcoverageAdult",2034,"2",0.764434
"ARTcoverageAdult",2035,"1",0.769496
"ARTcoverageAdult",2035,"2",0.766198
"ARTcoverageAdult",2036,"1",0.771778
"ARTcoverageAdult",2036,"2",0.768625
"ARTcoverageAdult",2037,"1",0.774021
"ARTcoverageAdult",2037,"2",0.771004
"ARTcoverageAdult",2038,"1",0.776203
"ARTcoverageAdult",2038,"2",0.773315
"ARTcoverageAdult",2039,"1",0.778348
"ARTcoverageAdult",2039,"2",0.775582
"ARTcoverageAdult",2040,"1",0.780423
"ARTcoverageAdult",2040,"2",0.777774
"ARTcoverageAdult",2041,"1",0.782423
"ARTcoverageAdult",2041,"2",0.779886
"ARTcoverageAdult",2042,"1",0.784379
"ARTcoverageAdult",2042,"2",0.781948
"ARTcoverageAdult",2043,"1",0.786261
"ARTcoverageAdult",2043,"2",0.783932
"ARTcoverageAdult",2044,"1",0.788086
"ARTcoverageAdult",2044,"2",0.785854
"ARTcoverageAdult",2045,"1",0.789856
"ARTcoverageAdult",2045,"2",0.787717
"ARTcoverageAdult",2046,"1",0.79156
"ARTcoverageAdult",2046,"2",0.789508
"ARTcoverageAdult",2047,"1",0.793229
"ARTcoverageAdult",2047,"2",0.791261
"ARTcoverageAdult",2048,"1",0.794838
"ARTcoverageAdult",2048,"2",0.792948
"ARTcoverageAdult",2049,"1",0.796404
"ARTcoverageAdult",2049,"2",0.794587
"ARTcoverageAdult",2050,"1",0.797914
"ARTcoverageAdult",2050,"2",0.796167
"ARTcoverageAdult",2051,"1",0.799402
"ARTcoverageAdult",2051,"2",0.797719
"ARTcoverageAdult",2052,"1",0.800839
"ARTcoverageAdult",2052,"2",0.799216
"ARTcoverageAdult",2053,"1",0.802242
"ARTcoverageAdult",2053,"2",0.800674
"ARTcoverageAdult",2054,"1",0.803597
"ARTcoverageAdult",2054,"2",0.802081
"ARTcoverageAdult",2055,"1",0.804936
"ARTcoverageAdult",2055,"2",0.803467
"ARTcoverageAdult",2056,"1",0.80623
"ARTcoverageAdult",2056,"2",0.804804
"ARTcoverageAdult",2057,"1",0.807494
"ARTcoverageAdult",2057,"2",0.806107
"ARTcoverageAdult",2058,"1",0.80873
"ARTcoverageAdult",2058,"2",0.807377
"ARTcoverageAdult",2059,"1",0.809923
"ARTcoverageAdult",2059,"2",0.8086
"ARTcoverageAdult",2060,"1",0.811103
"ARTcoverageAdult",2060,"2",0.809806
"ARTcoverageAdult",2061,"1",0.812242
"ARTcoverageAdult",2061,"2",0.810964
"ARTcoverageAdult",2062,"1",0.813353
"ARTcoverageAdult",2062,"2",0.812091
"ARTcoverageAdult",2063,"1",0.814421
"ARTcoverageAdult",2063,"2",0.813171
"ARTcoverageAdult",2064,"1",0.815478
"ARTcoverageAdult",2064,"2",0.814235
"ARTcoverageAdult",2065,"1",0.816493
"ARTcoverageAdult",2065,"2",0.815251
"ARTcoverageAdult",2066,"1",0.817482
"ARTcoverageAdult",2066,"2",0.816236
"ARTcoverageAdult",2067,"1",0.818444
"ARTcoverageAdult",2067,"2",0.817189
"ARTcoverageAdult",2068,"1",0.819379
"ARTcoverageAdult",2068,"2",0.81811
"ARTcoverageAdult",2069,"1",0.820273
"ARTcoverageAdult",2069,"2",0.818985
"ARTcoverageAdult",2070,"1",0.821141
"ARTcoverageAdult",2070,"2",0.819828
"ARTcoverageAdult",2071,"1",0.821982
"ARTcoverageAdult",2071,"2",0.820639
"ARTcoverageAdult",2072,"1",0.822799
"ARTcoverageAdult",2072,"2",0.821419
"ARTcoverageAdult",2073,"1",0.823575
"ARTcoverageAdult",2073,"2",0.822153
"ARTcoverageAdult",2074,"1",0.824344
"ARTcoverageAdult",2074,"2",0.822873
"ARTcoverageAdult",2075,"1",0.825076
"ARTcoverageAdult",2075,"2",0.82355
"ARTcoverageAdult",2076,"1",0.825787
"ARTcoverageAdult",2076,"2",0.824201
"ARTcoverageAdult",2077,"1",0.826465
"ARTcoverageAdult",2077,"2",0.824811
"ARTcoverageAdult",2078,"1",0.827141
"ARTcoverageAdult",2078,"2",0.825412
"ARTcoverageAdult",2079,"1",0.827788
"ARTcoverageAdult",2079,"2",0.825977
"ARTcoverageAdult",2080,"1",0.82842
"ARTcoverageAdult",2080,"2",0.826522
"ARTcoverageAdult",2081,"1",0.829041
"ARTcoverageAdult",2081,"2",0.827047
"ARTcoverageAdult",2082,"1",0.82965
"ARTcoverageAdult",2082,"2",0.827554
"ARTcoverageAdult",2083,"1",0.830233
"ARTcoverageAdult",2083,"2",0.828026
"ARTcoverageAdult",2084,"1",0.830822
"ARTcoverageAdult",2084,"2",0.828496
"ARTcoverageAdult",2085,"1",0.831385
"ARTcoverageAdult",2085,"2",0.828932
"ARTcoverageAdult",2086,"1",0.831939
"ARTcoverageAdult",2086,"2",0.82935
"ARTcoverageAdult",2087,"1",0.832482
"ARTcoverageAdult",2087,"2",0.829749
"ARTcoverageAdult",2088,"1",0.832998
"ARTcoverageAdult",2088,"2",0.830111
"ARTcoverageAdult",2089,"1",0.833501
"ARTcoverageAdult",2089,"2",0.830451
"ARTcoverageAdult",2090,"1",0.834006
"ARTcoverageAdult",2090,"2",0.830783
"ARTcoverageAdult",2091,"1",0.834463
"ARTcoverageAdult",2091,"2",0.831058
"ARTcoverageAdult",2092,"1",0.834919
"ARTcoverageAdult",2092,"2",0.831321
"ARTcoverageAdult",2093,"1",0.835356
"ARTcoverageAdult",2093,"2",0.831553
"ARTcoverageAdult",2094,"1",0.835756
"ARTcoverageAdult",2094,"2",0.831739
"ARTcoverageAdult",2095,"1",0.836134
"ARTcoverageAdult",2095,"2",0.831891
"ARTcoverageAdult",2096,"1",0.836488
"ARTcoverageAdult",2096,"2",0.832008
"ARTcoverageAdult",2097,"1",0.83682
"ARTcoverageAdult",2097,"2",0.832092
"ARTcoverageAdult",2098,"1",0.83713
"ARTcoverageAdult",2098,"2",0.832142
"ARTcoverageAdult",2099,"1",0.837405
"ARTcoverageAdult",2099,"2",0.832147
"ARTcoverageAdult",2100,"1",0.837681
"ARTcoverageAdult",2100,"2",0.832143
